Data Set	arrhythmia	
CFS	Feature	Instance	CFS Merit	CFS Size	C4.5	NN	NB	Merit	Size	C4.5	NN	NB	C4.5	NN	NB	
	280	406	0.06250189314220442	133.55	0.6304347826086957	0.6521739130434783	0.6304347826086957	0.028908008776571615	279	0.5869565217391305	0.5434782608695652	0.5869565217391305	0.5869565217391305	0.5434782608695652	0.5869565217391305	
I - 15 	280	391	0.05511872816013617	133.55	0.6521739130434783	0.6521739130434783	0.6521739130434783	
	280	391	0.05994344989924509	127.25	0.6521739130434783	0.6521739130434783	0.6521739130434783	0.025897079545937018	279	0.5869565217391305	0.5434782608695652	0.5869565217391305	0.5869565217391305	0.5434782608695652	0.5869565217391305	
I - 12 	280	379	0.06047114611155209	127.25	0.6086956521739131	0.6521739130434783	0.6521739130434783	
	280	379	0.06311409487968903	122.05	0.6086956521739131	0.6521739130434783	0.6521739130434783	0.02624391644328825	279	0.6304347826086957	0.5434782608695652	0.5869565217391305	0.6304347826086957	0.5434782608695652	0.5869565217391305	
I - 15 	280	364	0.06047424901984536	122.05	0.6086956521739131	0.6739130434782609	0.6521739130434783	
	280	364	0.06368767324996491	121.7	0.5869565217391305	0.5869565217391305	0.6521739130434783	0.02639511870176557	279	0.6086956521739131	0.5652173913043478	0.6304347826086957	0.6086956521739131	0.5652173913043478	0.6304347826086957	
I - 12 	280	352	0.06486888108999342	121.7	0.6304347826086957	0.6086956521739131	0.6521739130434783	
	280	352	0.06713597156129368	119.7	0.6086956521739131	0.6739130434782609	0.6521739130434783	0.027088427767787072	279	0.5434782608695652	0.5652173913043478	0.6086956521739131	0.5434782608695652	0.5652173913043478	0.6086956521739131	
I - 11 	280	341	0.0739977543666247	119.7	0.6086956521739131	0.6739130434782609	0.6521739130434783	
	280	341	0.07693039065247859	118.7	0.6086956521739131	0.6739130434782609	0.6521739130434783	0.030925947297200947	279	0.6086956521739131	0.5652173913043478	0.6739130434782609	0.6086956521739131	0.5652173913043478	0.6739130434782609	
I - 23 	280	318	0.06787326761686463	118.7	0.6521739130434783	0.6521739130434783	0.6739130434782609	
	280	318	0.0709391767006893	118.6	0.6304347826086957	0.6521739130434783	0.6739130434782609	0.02884366727963513	279	0.6304347826086957	0.5434782608695652	0.6304347826086957	0.6304347826086957	0.5434782608695652	0.6304347826086957	
I - 20 	280	298	0.0658608780337078	118.6	0.6086956521739131	0.6304347826086957	0.6304347826086957	
	280	298	0.0679112654274201	117.7	0.5869565217391305	0.6304347826086957	0.6086956521739131	0.02762165765975464	279	0.6086956521739131	0.5434782608695652	0.5869565217391305	0.6086956521739131	0.5434782608695652	0.5869565217391305	
I - 17 	280	281	0.05288976254836898	117.7	0.5652173913043478	0.5652173913043478	0.5652173913043478	
	280	281	0.05520757729946579	116.0	0.5652173913043478	0.5869565217391305	0.5652173913043478	0.022228644678199558	279	0.6086956521739131	0.5217391304347826	0.5434782608695652	0.6086956521739131	0.5217391304347826	0.5434782608695652	
I - 14 	280	267	0.050833046935742546	116.0	0.5869565217391305	0.5869565217391305	0.5652173913043478	
	280	267	0.052564798216059215	114.65	0.5869565217391305	0.5869565217391305	0.5869565217391305	0.021204506404584173	279	0.5652173913043478	0.5217391304347826	0.5652173913043478	0.5652173913043478	0.5217391304347826	0.5652173913043478	
I - 14 	280	253	0.04363023254741767	114.65	0.5652173913043478	0.5652173913043478	0.5869565217391305	
	280	253	0.04480381232478322	113.35	0.5869565217391305	0.5434782608695652	0.6086956521739131	0.01774293255081611	279	0.5434782608695652	0.5217391304347826	0.5434782608695652	0.5434782608695652	0.5217391304347826	0.5434782608695652	
I - 20 	280	233	0.04384752764212148	113.35	0.6956521739130435	0.6086956521739131	0.6086956521739131	
	280	233	0.04475109569989081	113.1	0.6956521739130435	0.6086956521739131	0.5869565217391305	0.017748267516665462	279	0.6304347826086957	0.5	0.5434782608695652	0.6304347826086957	0.5	0.5434782608695652	
I - 18 	280	215	0.041667104904691596	113.1	0.6521739130434783	0.5652173913043478	0.5652173913043478	
	280	215	0.043583996561283485	112.85	0.5869565217391305	0.5434782608695652	0.5652173913043478	0.017376600805521232	279	0.5434782608695652	0.5	0.5	0.5434782608695652	0.5	0.5	
I - 15 	280	200	0.04395558388213844	112.85	0.5869565217391305	0.5869565217391305	0.5652173913043478	
	280	200	0.04677414154275043	113.0	0.5869565217391305	0.5434782608695652	0.5652173913043478	0.018821409976810657	279	0.5869565217391305	0.4782608695652174	0.5434782608695652	0.5869565217391305	0.4782608695652174	0.5434782608695652	
I - 19 	280	181	0.0375889867667948	113.0	0.6304347826086957	0.5217391304347826	0.5652173913043478	
	280	181	0.039147828128365744	113.75	0.6304347826086957	0.5217391304347826	0.5434782608695652	0.01573769146568459	279	0.6304347826086957	0.45652173913043476	0.5217391304347826	0.6304347826086957	0.45652173913043476	0.5217391304347826	
I - 27 	280	154	0.04006845444346031	113.75	0.5869565217391305	0.5	0.5217391304347826	
	280	154	0.041567670185623934	113.8	0.5869565217391305	0.5217391304347826	0.5217391304347826	0.016596506925244742	279	0.5652173913043478	0.5	0.45652173913043476	0.5652173913043478	0.5	0.45652173913043476	
I - 19 	280	135	0.02033024658028975	113.8	0.6304347826086957	0.5	0.45652173913043476	
	280	135	0.02122937010064247	109.0	0.6521739130434783	0.4782608695652174	0.4782608695652174	0.008255708444266511	279	0.5652173913043478	0.5	0.391304347826087	0.5652173913043478	0.5	0.391304347826087	
I - 23 	280	112	0.02243288094800653	109.0	0.6086956521739131	0.5	0.4782608695652174	
	280	112	0.02459409537704749	110.75	0.6521739130434783	0.5	0.45652173913043476	0.0097001729247268	279	0.6304347826086957	0.45652173913043476	0.43478260869565216	0.6304347826086957	0.45652173913043476	0.43478260869565216	
I - 32 	280	80	0.026566040184464894	110.75	0.5869565217391305	0.5869565217391305	0.5217391304347826	
	280	80	0.028953149856643212	112.6	0.5869565217391305	0.5652173913043478	0.5	0.011659226047504734	279	0.5217391304347826	0.5217391304347826	0.5217391304347826	0.5217391304347826	0.5217391304347826	0.5217391304347826	
I - 65 	280	80	0.028953149856643212	112.6	0.5869565217391305	0.5652173913043478	0.5	
	280	80	0.029423595219307784	110.8	0.5869565217391305	0.5869565217391305	0.5217391304347826	0.011659226047504734	279	0.5217391304347826	0.5217391304347826	0.5217391304347826	0.5217391304347826	0.5217391304347826	0.5217391304347826	

Data Set	arrhythmia	
PCFS	Feature	Instance	PCFS Merit	PCFS Size	C4.5	NN	NB	Merit	Size	C4.5	NN	NB	C4.5	NN	NB	
	280	406	0.9901477832512315	132.5	0.717391304347826	0.5869565217391305	0.6739130434782609	0.9901477832512315	279	0.5869565217391305	0.5434782608695652	0.5869565217391305	0.5869565217391305	0.5434782608695652	0.5869565217391305	
I - 15 	280	391	0.9815856777493606	132.5	0.717391304347826	0.5869565217391305	0.6739130434782609	
	280	391	0.9872122762148339	129.55	0.6086956521739131	0.6086956521739131	0.6521739130434783	0.9872122762148338	279	0.5869565217391305	0.5434782608695652	0.5869565217391305	0.5869565217391305	0.5434782608695652	0.5869565217391305	
I - 12 	280	379	0.9802110817941951	129.55	0.6521739130434783	0.6086956521739131	0.6521739130434783	
	280	379	0.9815303430079151	123.95	0.717391304347826	0.6086956521739131	0.6304347826086957	0.9815303430079155	279	0.6304347826086957	0.5434782608695652	0.5869565217391305	0.6304347826086957	0.5434782608695652	0.5869565217391305	
I - 15 	280	364	0.9728021978021977	123.95	0.6956521739130435	0.5869565217391305	0.6521739130434783	
	280	364	0.9835164835164832	130.65	0.6739130434782609	0.5869565217391305	0.6739130434782609	0.9835164835164835	279	0.6086956521739131	0.5652173913043478	0.6304347826086957	0.6086956521739131	0.5652173913043478	0.6304347826086957	
I - 12 	280	352	0.9769886363636362	130.65	0.6956521739130435	0.5869565217391305	0.6521739130434783	
	280	352	0.9801136363636365	127.55	0.6739130434782609	0.5869565217391305	0.6521739130434783	0.9801136363636364	279	0.5434782608695652	0.5652173913043478	0.6086956521739131	0.5434782608695652	0.5652173913043478	0.6086956521739131	
I - 11 	280	341	0.9821114369501467	127.55	0.6739130434782609	0.5869565217391305	0.6304347826086957	
	280	341	0.9882697947214076	128.1	0.6739130434782609	0.5652173913043478	0.6521739130434783	0.9882697947214076	279	0.6086956521739131	0.5652173913043478	0.6739130434782609	0.6086956521739131	0.5652173913043478	0.6739130434782609	
I - 23 	280	318	0.9740566037735852	128.1	0.7391304347826086	0.5869565217391305	0.6521739130434783	
	280	318	0.9811320754716985	128.55	0.6739130434782609	0.5869565217391305	0.6739130434782609	0.9811320754716981	279	0.6304347826086957	0.5434782608695652	0.6304347826086957	0.6304347826086957	0.5434782608695652	0.6304347826086957	
I - 20 	280	298	0.9751677852348992	128.55	0.717391304347826	0.5434782608695652	0.6521739130434783	
	280	298	0.9832214765100671	128.6	0.6521739130434783	0.5434782608695652	0.6304347826086957	0.9832214765100671	279	0.6086956521739131	0.5434782608695652	0.5869565217391305	0.6086956521739131	0.5434782608695652	0.5869565217391305	
I - 17 	280	281	0.9638790035587188	128.6	0.6739130434782609	0.5217391304347826	0.6304347826086957	
	280	281	0.9750889679715302	125.8	0.6521739130434783	0.5434782608695652	0.6086956521739131	0.9750889679715302	279	0.6086956521739131	0.5217391304347826	0.5434782608695652	0.6086956521739131	0.5217391304347826	0.5434782608695652	
I - 14 	280	267	0.9677902621722844	125.8	0.6086956521739131	0.5434782608695652	0.5869565217391305	
	280	267	0.9700374531835209	122.3	0.6739130434782609	0.5217391304347826	0.6086956521739131	0.9700374531835206	279	0.5652173913043478	0.5217391304347826	0.5652173913043478	0.5652173913043478	0.5217391304347826	0.5652173913043478	
I - 14 	280	253	0.9531620553359685	122.3	0.6521739130434783	0.5434782608695652	0.5869565217391305	
	280	253	0.9604743083003949	123.9	0.6521739130434783	0.5652173913043478	0.6086956521739131	0.9604743083003953	279	0.5434782608695652	0.5217391304347826	0.5434782608695652	0.5434782608695652	0.5217391304347826	0.5434782608695652	
I - 20 	280	233	0.9553648068669528	123.9	0.7391304347826086	0.5652173913043478	0.6304347826086957	
	280	233	0.9656652360515021	125.05	0.6956521739130435	0.5434782608695652	0.5652173913043478	0.9656652360515021	279	0.6304347826086957	0.5	0.5434782608695652	0.6304347826086957	0.5	0.5434782608695652	
I - 18 	280	215	0.9653488372093022	125.05	0.6521739130434783	0.5217391304347826	0.5217391304347826	
	280	215	0.9720930232558139	124.65	0.6521739130434783	0.5434782608695652	0.5434782608695652	0.9720930232558139	279	0.5434782608695652	0.5	0.5	0.5434782608695652	0.5	0.5	
I - 15 	280	200	0.96	124.65	0.6086956521739131	0.5434782608695652	0.5652173913043478	
	280	200	0.975	126.65	0.6521739130434783	0.4782608695652174	0.5217391304347826	0.975	279	0.5869565217391305	0.4782608695652174	0.5434782608695652	0.5869565217391305	0.4782608695652174	0.5434782608695652	
I - 19 	280	181	0.9455801104972377	126.65	0.6521739130434783	0.4782608695652174	0.5217391304347826	
	280	181	0.9558011049723756	124.25	0.6521739130434783	0.5	0.5217391304347826	0.9558011049723757	279	0.6304347826086957	0.45652173913043476	0.5217391304347826	0.6304347826086957	0.45652173913043476	0.5217391304347826	
I - 27 	280	154	0.9594155844155846	124.25	0.6086956521739131	0.5	0.5	
	280	154	0.9675324675324678	123.3	0.6304347826086957	0.5	0.5217391304347826	0.9675324675324676	279	0.5652173913043478	0.5	0.45652173913043476	0.5652173913043478	0.5	0.45652173913043476	
I - 19 	280	135	0.897037037037037	123.3	0.6956521739130435	0.4782608695652174	0.4782608695652174	
	280	135	0.918518518518518	124.5	0.6739130434782609	0.4782608695652174	0.5	0.9185185185185185	279	0.5652173913043478	0.5	0.391304347826087	0.5652173913043478	0.5	0.391304347826087	
I - 23 	280	112	0.8696428571428573	124.5	0.717391304347826	0.5	0.45652173913043476	
	280	112	0.8928571428571427	123.7	0.717391304347826	0.5434782608695652	0.4782608695652174	0.8928571428571429	279	0.6304347826086957	0.45652173913043476	0.43478260869565216	0.6304347826086957	0.45652173913043476	0.43478260869565216	
I - 32 	280	80	0.844375	123.7	0.6086956521739131	0.5652173913043478	0.5217391304347826	
	280	80	0.8625000000000004	119.95	0.6086956521739131	0.5652173913043478	0.5217391304347826	0.8625	279	0.5217391304347826	0.5217391304347826	0.5217391304347826	0.5217391304347826	0.5217391304347826	0.5217391304347826	
I - 65 	280	80	0.8625000000000004	119.95	0.6086956521739131	0.5652173913043478	0.5217391304347826	
	280	80	0.8625000000000004	116.7	0.6304347826086957	0.5652173913043478	0.5217391304347826	0.8625	279	0.5217391304347826	0.5217391304347826	0.5217391304347826	0.5217391304347826	0.5217391304347826	0.5217391304347826	
