Data Set	arrhythmia	
CFS	Feature	Instance	CFS Merit	CFS Size	C4.5	NN	NB	Merit	Size	C4.5	NN	NB	C4.5	NN	NB	
	280	406	0.06210967630680416	132.75	0.6739130434782609	0.6086956521739131	0.6521739130434783	0.028908008776571615	279	0.5869565217391305	0.5434782608695652	0.5869565217391305	0.5869565217391305	0.5434782608695652	0.5869565217391305	
F - 12 	268	406	0.06256077862876369	126.55	0.6739130434782609	0.6521739130434783	0.6521739130434783	
	268	406	0.06628632136404675	123.3	0.6304347826086957	0.6956521739130435	0.6521739130434783	0.02898275934962491	267	0.5869565217391305	0.5434782608695652	0.5869565217391305	0.5869565217391305	0.5434782608695652	0.5869565217391305	
F - 11 	257	406	0.0649362422132398	117.45	0.6086956521739131	0.6521739130434783	0.6521739130434783	
	257	406	0.06757551684455532	114.35	0.5869565217391305	0.6521739130434783	0.6521739130434783	0.028316874485077907	256	0.5434782608695652	0.5434782608695652	0.6086956521739131	0.5434782608695652	0.5434782608695652	0.6086956521739131	
F - 12 	245	406	0.0694033088197782	110.55	0.5869565217391305	0.6956521739130435	0.6521739130434783	
	245	406	0.07111058249259311	107.75	0.6956521739130435	0.6086956521739131	0.6521739130434783	0.029391510743847486	244	0.5217391304347826	0.5434782608695652	0.6304347826086957	0.5217391304347826	0.5434782608695652	0.6304347826086957	
F - 13 	232	406	0.07368987778456643	102.85	0.6739130434782609	0.6304347826086957	0.6521739130434783	
	232	406	0.0750770553588613	101.95	0.717391304347826	0.6521739130434783	0.6521739130434783	0.03049758245562772	231	0.5217391304347826	0.5434782608695652	0.6304347826086957	0.5217391304347826	0.5434782608695652	0.6304347826086957	
F - 10 	222	406	0.07270627406184312	96.35	0.6521739130434783	0.6521739130434783	0.6521739130434783	
	222	406	0.07327768249841435	96.7	0.6086956521739131	0.6739130434782609	0.6521739130434783	0.029271840937820575	221	0.5217391304347826	0.5434782608695652	0.5869565217391305	0.5217391304347826	0.5434782608695652	0.5869565217391305	
F - 7 	215	406	0.07030008079350179	91.65	0.6304347826086957	0.6956521739130435	0.6521739130434783	
	215	406	0.07090471281543267	91.05	0.6304347826086957	0.6956521739130435	0.6739130434782609	0.027747611528409082	214	0.5434782608695652	0.5434782608695652	0.5869565217391305	0.5434782608695652	0.5434782608695652	0.5869565217391305	
F - 12 	203	406	0.07227711526873634	86.6	0.6304347826086957	0.7391304347826086	0.6521739130434783	
	203	406	0.07353212515994202	85.05	0.6304347826086957	0.6739130434782609	0.6521739130434783	0.02843885980465954	202	0.5217391304347826	0.5652173913043478	0.5869565217391305	0.5217391304347826	0.5652173913043478	0.5869565217391305	
F - 12 	191	406	0.07661254179494155	80.05	0.6521739130434783	0.6739130434782609	0.6521739130434783	
	191	406	0.07719954763759172	79.55	0.6521739130434783	0.7391304347826086	0.6521739130434783	0.02937071736186479	190	0.5652173913043478	0.5217391304347826	0.5652173913043478	0.5652173913043478	0.5217391304347826	0.5652173913043478	
F - 10 	181	406	0.07659088541689928	74.8	0.6304347826086957	0.7391304347826086	0.6521739130434783	
	181	406	0.07702791971706746	74.45	0.6521739130434783	0.717391304347826	0.6521739130434783	0.028998417599915585	180	0.5434782608695652	0.5217391304347826	0.5652173913043478	0.5434782608695652	0.5217391304347826	0.5652173913043478	
F - 17 	164	406	0.06795037389554226	64.15	0.5869565217391305	0.6521739130434783	0.6304347826086957	
	164	406	0.06858741987813788	64.65	0.5652173913043478	0.6956521739130435	0.6304347826086957	0.024808461594265984	163	0.4782608695652174	0.4782608695652174	0.5217391304347826	0.4782608695652174	0.4782608695652174	0.5217391304347826	
F - 12 	152	406	0.06859491940255583	59.4	0.6086956521739131	0.6739130434782609	0.6304347826086957	
	152	406	0.06927826528719902	58.8	0.5652173913043478	0.6521739130434783	0.6304347826086957	0.024626990695707993	151	0.5	0.5	0.5434782608695652	0.5	0.5	0.5434782608695652	
F - 12 	140	406	0.06824190549687374	53.85	0.5217391304347826	0.6521739130434783	0.5869565217391305	
	140	406	0.06986890116803886	53.25	0.5652173913043478	0.6304347826086957	0.6086956521739131	0.024308957967702254	139	0.5	0.5434782608695652	0.5869565217391305	0.5	0.5434782608695652	0.5869565217391305	
F - 19 	121	406	0.06787064341490026	45.7	0.5652173913043478	0.6521739130434783	0.6304347826086957	
	121	406	0.06996904396796295	44.75	0.5652173913043478	0.6521739130434783	0.6304347826086957	0.023467721868405608	120	0.4782608695652174	0.5652173913043478	0.5652173913043478	0.4782608695652174	0.5652173913043478	0.5652173913043478	
F - 13 	108	406	0.0671139101688631	38.85	0.5869565217391305	0.6739130434782609	0.6521739130434783	
	108	406	0.06755730250315115	38.25	0.5869565217391305	0.6521739130434783	0.6521739130434783	0.022081617752352956	107	0.5	0.5	0.5652173913043478	0.5	0.5	0.5652173913043478	
F - 13 	95	406	0.0632359489132053	32.35	0.5869565217391305	0.6739130434782609	0.5869565217391305	
	95	406	0.06415498380023553	32.0	0.5869565217391305	0.6521739130434783	0.5869565217391305	0.020111361395637562	94	0.45652173913043476	0.43478260869565216	0.5434782608695652	0.45652173913043476	0.43478260869565216	0.5434782608695652	
F - 14 	81	406	0.06398788840074279	28.15	0.5434782608695652	0.6304347826086957	0.6086956521739131	
	81	406	0.0658890055393608	27.6	0.5217391304347826	0.5869565217391305	0.5869565217391305	0.020827856896756723	80	0.43478260869565216	0.45652173913043476	0.5434782608695652	0.43478260869565216	0.45652173913043476	0.5434782608695652	
F - 18 	63	406	0.06549217682494618	20.15	0.5434782608695652	0.6086956521739131	0.5869565217391305	
	63	406	0.06864570772968373	20.2	0.5217391304347826	0.5434782608695652	0.5869565217391305	0.019865800434227334	62	0.5	0.3695652173913043	0.5434782608695652	0.5	0.3695652173913043	0.5434782608695652	
F - 22 	56	406	0.053915437314257283	16.4	0.5434782608695652	0.6086956521739131	0.5434782608695652	
	56	406	0.05434549636552548	16.3	0.5434782608695652	0.5869565217391305	0.5434782608695652	0.01462501249630465	55	0.43478260869565216	0.3695652173913043	0.5	0.43478260869565216	0.3695652173913043	0.5	
F - 35 	56	406	0.05434549636552548	16.3	0.5434782608695652	0.5869565217391305	0.5434782608695652	
	56	406	0.05434549636552548	16.3	0.5434782608695652	0.6086956521739131	0.5434782608695652	0.01462501249630465	55	0.43478260869565216	0.3695652173913043	0.5	0.43478260869565216	0.3695652173913043	0.5	

Data Set	arrhythmia	
PCFS	Feature	Instance	PCFS Merit	PCFS Size	C4.5	NN	NB	Merit	Size	C4.5	NN	NB	C4.5	NN	NB	
	280	406	0.9901477832512315	132.95	0.6521739130434783	0.6086956521739131	0.6304347826086957	0.9901477832512315	279	0.5869565217391305	0.5434782608695652	0.5869565217391305	0.5869565217391305	0.5434782608695652	0.5869565217391305	
F - 12 	268	406	0.9870689655172413	127.15	0.6956521739130435	0.6304347826086957	0.6086956521739131	
	268	406	0.9876847290640394	121.3	0.6086956521739131	0.5869565217391305	0.6521739130434783	0.9876847290640394	267	0.5869565217391305	0.5434782608695652	0.5869565217391305	0.5869565217391305	0.5434782608695652	0.5869565217391305	
F - 11 	257	406	0.9817733990147781	116.35	0.6521739130434783	0.5652173913043478	0.6521739130434783	
	257	406	0.9876847290640394	118.25	0.717391304347826	0.5869565217391305	0.6304347826086957	0.9876847290640394	256	0.5434782608695652	0.5434782608695652	0.6086956521739131	0.5434782608695652	0.5434782608695652	0.6086956521739131	
F - 12 	245	406	0.9838669950738914	112.95	0.7391304347826086	0.5869565217391305	0.6304347826086957	
	245	406	0.9852216748768472	111.7	0.6956521739130435	0.5434782608695652	0.6739130434782609	0.9852216748768473	244	0.5217391304347826	0.5434782608695652	0.6304347826086957	0.5217391304347826	0.5434782608695652	0.6304347826086957	
F - 13 	232	406	0.9852216748768472	106.0	0.717391304347826	0.5652173913043478	0.6521739130434783	
	232	406	0.9852216748768472	104.65	0.6086956521739131	0.5652173913043478	0.6521739130434783	0.9852216748768473	231	0.5217391304347826	0.5434782608695652	0.6304347826086957	0.5217391304347826	0.5434782608695652	0.6304347826086957	
F - 10 	222	406	0.9817733990147781	100.0	0.6304347826086957	0.5652173913043478	0.6521739130434783	
	222	406	0.9852216748768472	102.4	0.6739130434782609	0.5434782608695652	0.6304347826086957	0.9852216748768473	221	0.5217391304347826	0.5434782608695652	0.5869565217391305	0.5217391304347826	0.5434782608695652	0.5869565217391305	
F - 7 	215	406	0.979926108374384	99.15	0.6521739130434783	0.5652173913043478	0.6304347826086957	
	215	406	0.982758620689655	102.25	0.6304347826086957	0.5652173913043478	0.6304347826086957	0.9827586206896551	214	0.5434782608695652	0.5434782608695652	0.5869565217391305	0.5434782608695652	0.5434782608695652	0.5869565217391305	
F - 12 	203	406	0.9822660098522166	96.7	0.6086956521739131	0.5652173913043478	0.6304347826086957	
	203	406	0.982758620689655	95.9	0.6304347826086957	0.5869565217391305	0.6304347826086957	0.9827586206896551	202	0.5217391304347826	0.5652173913043478	0.5869565217391305	0.5217391304347826	0.5652173913043478	0.5869565217391305	
F - 12 	191	406	0.9768472906403938	89.95	0.6739130434782609	0.5869565217391305	0.6086956521739131	
	191	406	0.982758620689655	95.85	0.6521739130434783	0.5869565217391305	0.6086956521739131	0.9827586206896551	190	0.5652173913043478	0.5217391304347826	0.5652173913043478	0.5652173913043478	0.5217391304347826	0.5652173913043478	
F - 10 	181	406	0.9758620689655171	90.25	0.6521739130434783	0.5652173913043478	0.6086956521739131	
	181	406	0.9778325123152707	91.3	0.6304347826086957	0.5869565217391305	0.6086956521739131	0.9778325123152709	180	0.5434782608695652	0.5217391304347826	0.5652173913043478	0.5434782608695652	0.5217391304347826	0.5652173913043478	
F - 17 	164	406	0.9275862068965516	81.55	0.5869565217391305	0.5869565217391305	0.6086956521739131	
	164	406	0.9384236453201972	92.3	0.5869565217391305	0.5869565217391305	0.5869565217391305	0.9384236453201971	163	0.4782608695652174	0.4782608695652174	0.5217391304347826	0.4782608695652174	0.4782608695652174	0.5217391304347826	
F - 12 	152	406	0.9206896551724139	84.9	0.5869565217391305	0.6086956521739131	0.5869565217391305	
	152	406	0.921182266009852	84.6	0.6086956521739131	0.5869565217391305	0.5434782608695652	0.9211822660098522	151	0.5	0.5	0.5434782608695652	0.5	0.5	0.5434782608695652	
F - 12 	140	406	0.9149014778325121	78.45	0.6086956521739131	0.5652173913043478	0.5434782608695652	
	140	406	0.916256157635468	78.5	0.5434782608695652	0.5869565217391305	0.6086956521739131	0.916256157635468	139	0.5	0.5434782608695652	0.5869565217391305	0.5	0.5434782608695652	0.5869565217391305	
F - 19 	121	406	0.8811576354679801	67.25	0.5869565217391305	0.5652173913043478	0.6086956521739131	
	121	406	0.8842364532019703	69.25	0.6086956521739131	0.5217391304347826	0.6086956521739131	0.8842364532019704	120	0.4782608695652174	0.5652173913043478	0.5652173913043478	0.4782608695652174	0.5652173913043478	0.5652173913043478	
F - 13 	108	406	0.8766009852216753	62.8	0.5869565217391305	0.5	0.5869565217391305	
	108	406	0.8768472906403945	62.25	0.5652173913043478	0.5217391304347826	0.6086956521739131	0.8768472906403941	107	0.5	0.5	0.5652173913043478	0.5	0.5	0.5652173913043478	
F - 13 	95	406	0.8577586206896554	54.45	0.5652173913043478	0.5217391304347826	0.6086956521739131	
	95	406	0.8596059113300495	54.85	0.5652173913043478	0.5	0.5652173913043478	0.8596059113300493	94	0.45652173913043476	0.43478260869565216	0.5434782608695652	0.45652173913043476	0.43478260869565216	0.5434782608695652	
F - 14 	81	406	0.8571428571428574	47.1	0.5434782608695652	0.4782608695652174	0.5434782608695652	
	81	406	0.8571428571428574	46.5	0.5217391304347826	0.4782608695652174	0.5652173913043478	0.8571428571428572	80	0.43478260869565216	0.45652173913043476	0.5434782608695652	0.43478260869565216	0.45652173913043476	0.5434782608695652	
F - 18 	63	406	0.7990147783251229	36.8	0.5217391304347826	0.45652173913043476	0.5434782608695652	
	63	406	0.8029556650246302	36.45	0.5434782608695652	0.5217391304347826	0.5869565217391305	0.8029556650246306	62	0.5	0.3695652173913043	0.5434782608695652	0.5	0.3695652173913043	0.5434782608695652	
F - 22 	56	406	0.7536945812807881	31.65	0.5217391304347826	0.4782608695652174	0.5217391304347826	
	56	406	0.7536945812807881	31.5	0.5217391304347826	0.45652173913043476	0.5217391304347826	0.7536945812807881	55	0.43478260869565216	0.3695652173913043	0.5	0.43478260869565216	0.3695652173913043	0.5	
F - 35 	56	406	0.7536945812807881	31.5	0.5	0.45652173913043476	0.5217391304347826	
	56	406	0.7536945812807881	31.5	0.5	0.4782608695652174	0.5217391304347826	0.7536945812807881	55	0.43478260869565216	0.3695652173913043	0.5	0.43478260869565216	0.3695652173913043	0.5	
