Data Set	arrhythmia	
CFS	Feature	Instance	CFS Merit	CFS Size	C4.5	NN	NB	Merit	Size	C4.5	NN	NB	C4.5	NN	NB	
	57	406	0.24133372280710536	11.85	0.6086956521739131	0.5434782608695652	0.6956521739130435	0.026235915993102883	56	0.5869565217391305	0.45652173913043476	0.5869565217391305	0.5869565217391305	0.45652173913043476	0.5869565217391305	
F + 7 	64	406	0.24133372280710536	11.85	0.6086956521739131	0.5434782608695652	0.6956521739130435	
	64	406	0.2776449955461515	11.5	0.6086956521739131	0.5434782608695652	0.6956521739130435	0.027312417211529084	57	0.5869565217391305	0.43478260869565216	0.6304347826086957	0.6086956521739131	0.45652173913043476	0.6304347826086957	
F + 7 	71	406	0.2776449955461515	11.5	0.6086956521739131	0.5434782608695652	0.6956521739130435	
	71	406	0.28351966356041336	11.45	0.6086956521739131	0.5434782608695652	0.6956521739130435	0.027312417211529084	57	0.5434782608695652	0.4782608695652174	0.6086956521739131	0.6304347826086957	0.43478260869565216	0.6304347826086957	
F + 11 	82	406	0.28351966356041336	11.45	0.6086956521739131	0.5434782608695652	0.6956521739130435	
	82	406	0.3038929947963017	12.35	0.5869565217391305	0.5434782608695652	0.717391304347826	0.031479767986105724	57	0.5652173913043478	0.6521739130434783	0.6521739130434783	0.5652173913043478	0.6086956521739131	0.6304347826086957	
F + 8 	90	406	0.3038929947963017	12.35	0.5869565217391305	0.5434782608695652	0.717391304347826	
	90	406	0.30762178783181454	13.2	0.5869565217391305	0.5	0.717391304347826	0.03776677182365387	57	0.5	0.5434782608695652	0.6304347826086957	0.5217391304347826	0.6304347826086957	0.5869565217391305	
F + 9 	99	406	0.30762178783181454	13.2	0.5869565217391305	0.4782608695652174	0.717391304347826	
	99	406	0.3144821339454164	14.6	0.5869565217391305	0.5	0.717391304347826	0.0468630644913067	57	0.5217391304347826	0.5652173913043478	0.6304347826086957	0.5434782608695652	0.5217391304347826	0.5869565217391305	
F + 9 	108	406	0.3144821339454164	14.6	0.5869565217391305	0.5	0.717391304347826	
	108	406	0.3235975016409728	15.1	0.5869565217391305	0.5217391304347826	0.6956521739130435	0.05382097099160705	57	0.5	0.5652173913043478	0.6304347826086957	0.5	0.5217391304347826	0.6086956521739131	
F + 11 	119	406	0.3235975016409728	15.1	0.5869565217391305	0.5217391304347826	0.6956521739130435	
	119	406	0.3346405340372212	16.6	0.5869565217391305	0.5434782608695652	0.6956521739130435	0.058916422682328135	57	0.5217391304347826	0.5217391304347826	0.6304347826086957	0.4782608695652174	0.5434782608695652	0.5869565217391305	
F + 11 	130	406	0.3346405340372212	16.6	0.5869565217391305	0.5434782608695652	0.6956521739130435	
	130	406	0.340460014474208	17.05	0.6086956521739131	0.6304347826086957	0.6956521739130435	0.06959365947228983	57	0.5434782608695652	0.5434782608695652	0.6521739130434783	0.5217391304347826	0.5869565217391305	0.5869565217391305	
F + 7 	137	406	0.340460014474208	17.05	0.5869565217391305	0.6304347826086957	0.6956521739130435	
	137	406	0.3489571342471448	17.15	0.5869565217391305	0.6304347826086957	0.6956521739130435	0.07203815552741229	57	0.5217391304347826	0.5869565217391305	0.5869565217391305	0.5	0.6086956521739131	0.5652173913043478	
F + 8 	145	406	0.3489571342471448	17.15	0.5869565217391305	0.6304347826086957	0.6956521739130435	
	145	406	0.3515808901113609	18.75	0.5869565217391305	0.6521739130434783	0.6956521739130435	0.076456837350822	57	0.5	0.5217391304347826	0.6086956521739131	0.5	0.6086956521739131	0.5869565217391305	
F + 12 	157	406	0.3515808901113609	18.75	0.5869565217391305	0.6739130434782609	0.6956521739130435	
	157	406	0.3597711466945285	18.95	0.5869565217391305	0.6304347826086957	0.6956521739130435	0.09186476616954203	57	0.5217391304347826	0.5434782608695652	0.6086956521739131	0.5652173913043478	0.6304347826086957	0.5869565217391305	
F + 12 	169	406	0.3597711466945285	18.95	0.5869565217391305	0.6739130434782609	0.6956521739130435	
	169	406	0.3646387788416322	20.15	0.5869565217391305	0.6521739130434783	0.6739130434782609	0.1044459937525731	57	0.5869565217391305	0.5434782608695652	0.6304347826086957	0.5434782608695652	0.6086956521739131	0.6086956521739131	
F + 10 	179	406	0.3646387788416322	20.15	0.5869565217391305	0.6521739130434783	0.6739130434782609	
	179	406	0.37120749282820353	20.25	0.5869565217391305	0.6086956521739131	0.6739130434782609	0.12320221778955592	57	0.5434782608695652	0.5	0.6304347826086957	0.5434782608695652	0.6086956521739131	0.6086956521739131	
F + 12 	191	406	0.37120749282820353	20.25	0.5869565217391305	0.6086956521739131	0.6739130434782609	
	191	406	0.3817846854506781	20.4	0.5869565217391305	0.6739130434782609	0.6956521739130435	0.1318602029972406	57	0.5434782608695652	0.5217391304347826	0.6304347826086957	0.5217391304347826	0.6086956521739131	0.5869565217391305	
F + 12 	203	406	0.3817846854506781	20.4	0.5869565217391305	0.6739130434782609	0.6956521739130435	
	203	406	0.3869558543562185	21.35	0.6086956521739131	0.6521739130434783	0.6956521739130435	0.1384831757807019	57	0.5434782608695652	0.5434782608695652	0.6521739130434783	0.45652173913043476	0.5434782608695652	0.5869565217391305	
F + 15 	218	406	0.3869558543562185	21.35	0.6086956521739131	0.6521739130434783	0.6956521739130435	
	218	406	0.3901359817634179	21.45	0.5869565217391305	0.6521739130434783	0.6956521739130435	0.17148178210449733	57	0.4782608695652174	0.5869565217391305	0.6086956521739131	0.6086956521739131	0.6086956521739131	0.5869565217391305	
F + 12 	230	406	0.3901359817634179	21.45	0.5869565217391305	0.6304347826086957	0.6956521739130435	
	230	406	0.39384128933081347	22.7	0.6086956521739131	0.6521739130434783	0.6956521739130435	0.20914998904132379	57	0.4782608695652174	0.6304347826086957	0.6521739130434783	0.6086956521739131	0.5652173913043478	0.5869565217391305	
F + 17 	247	406	0.39384128933081347	22.7	0.6304347826086957	0.6521739130434783	0.6956521739130435	
	247	406	0.4018480292871208	22.7	0.7608695652173914	0.6739130434782609	0.6956521739130435	0.32166080024318316	57	0.6739130434782609	0.6521739130434783	0.6521739130434783	0.6739130434782609	0.5217391304347826	0.6086956521739131	
F + 21 	268	406	0.4018480292871208	22.7	0.7608695652173914	0.6739130434782609	0.6956521739130435	
	268	406	0.4092851677454302	22.75	0.782608695652174	0.6739130434782609	0.6956521739130435	0.41008019960900965	57	0.6521739130434783	0.7391304347826086	0.6521739130434783	0.6086956521739131	0.5217391304347826	0.5869565217391305	

Data Set	arrhythmia	
PCFS	Feature	Instance	PCFS Merit	PCFS Size	C4.5	NN	NB	Merit	Size	C4.5	NN	NB	C4.5	NN	NB	
	57	406	0.8029556650246302	14.1	0.5869565217391305	0.5652173913043478	0.717391304347826	0.8029556650246306	56	0.5869565217391305	0.45652173913043476	0.5869565217391305	0.5869565217391305	0.45652173913043476	0.5869565217391305	
F + 7 	64	406	0.8029556650246302	14.1	0.5869565217391305	0.5652173913043478	0.717391304347826	
	64	406	0.8078817733990146	13.6	0.6086956521739131	0.5652173913043478	0.6956521739130435	0.8078817733990148	57	0.5869565217391305	0.43478260869565216	0.6304347826086957	0.6086956521739131	0.45652173913043476	0.6304347826086957	
F + 7 	71	406	0.8078817733990146	13.6	0.6086956521739131	0.5652173913043478	0.6956521739130435	
	71	406	0.8078817733990146	12.75	0.6086956521739131	0.5652173913043478	0.6956521739130435	0.8078817733990148	57	0.5434782608695652	0.4782608695652174	0.6086956521739131	0.6304347826086957	0.43478260869565216	0.6304347826086957	
F + 11 	82	406	0.8078817733990146	12.75	0.6086956521739131	0.5652173913043478	0.6956521739130435	
	82	406	0.8325123152709359	15.45	0.5869565217391305	0.5869565217391305	0.6956521739130435	0.8325123152709359	57	0.5652173913043478	0.6521739130434783	0.6521739130434783	0.5652173913043478	0.6086956521739131	0.6304347826086957	
F + 8 	90	406	0.8325123152709359	15.45	0.5869565217391305	0.5869565217391305	0.6956521739130435	
	90	406	0.8645320197044338	17.75	0.5869565217391305	0.5869565217391305	0.6739130434782609	0.8645320197044335	57	0.5	0.5434782608695652	0.6521739130434783	0.5217391304347826	0.6304347826086957	0.5869565217391305	
F + 9 	99	406	0.8645320197044338	17.75	0.5869565217391305	0.5869565217391305	0.6739130434782609	
	99	406	0.8866995073891625	20.95	0.5652173913043478	0.5652173913043478	0.6956521739130435	0.8866995073891626	57	0.5	0.5652173913043478	0.6521739130434783	0.5434782608695652	0.5217391304347826	0.5869565217391305	
F + 9 	108	406	0.8866995073891625	20.95	0.5652173913043478	0.5652173913043478	0.6956521739130435	
	108	406	0.9064039408866996	22.9	0.5652173913043478	0.5652173913043478	0.6521739130434783	0.9064039408866995	57	0.5	0.5652173913043478	0.6739130434782609	0.5	0.5217391304347826	0.6086956521739131	
F + 11 	119	406	0.9064039408866996	22.9	0.5652173913043478	0.5652173913043478	0.6521739130434783	
	119	406	0.911330049261084	23.45	0.5869565217391305	0.5434782608695652	0.6304347826086957	0.9113300492610837	57	0.41304347826086957	0.5869565217391305	0.6739130434782609	0.4782608695652174	0.5434782608695652	0.5869565217391305	
F + 11 	130	406	0.911330049261084	23.45	0.5869565217391305	0.5434782608695652	0.6304347826086957	
	130	406	0.9236453201970442	27.05	0.5869565217391305	0.6086956521739131	0.6739130434782609	0.9236453201970444	57	0.5	0.5652173913043478	0.6521739130434783	0.5217391304347826	0.5869565217391305	0.5869565217391305	
F + 7 	137	406	0.9236453201970442	27.05	0.5869565217391305	0.6086956521739131	0.6739130434782609	
	137	406	0.935960591133005	26.7	0.5869565217391305	0.6086956521739131	0.6739130434782609	0.9359605911330049	57	0.5434782608695652	0.5869565217391305	0.5869565217391305	0.5	0.6086956521739131	0.5652173913043478	
F + 8 	145	406	0.935960591133005	26.7	0.5869565217391305	0.6086956521739131	0.6739130434782609	
	145	406	0.935960591133005	24.15	0.5869565217391305	0.5869565217391305	0.6304347826086957	0.9359605911330049	57	0.5	0.5434782608695652	0.6086956521739131	0.5	0.6086956521739131	0.5869565217391305	
F + 12 	157	406	0.935960591133005	24.15	0.5869565217391305	0.5869565217391305	0.6304347826086957	
	157	406	0.9532019704433499	29.05	0.6086956521739131	0.6739130434782609	0.6739130434782609	0.9532019704433498	57	0.5217391304347826	0.5434782608695652	0.5652173913043478	0.5652173913043478	0.6304347826086957	0.5869565217391305	
F + 12 	169	406	0.9532019704433499	29.05	0.6086956521739131	0.6521739130434783	0.6739130434782609	
	169	406	0.9556650246305413	28.45	0.6086956521739131	0.6086956521739131	0.6739130434782609	0.9556650246305418	57	0.5652173913043478	0.4782608695652174	0.6304347826086957	0.5434782608695652	0.6086956521739131	0.6086956521739131	
F + 10 	179	406	0.9556650246305413	28.45	0.6086956521739131	0.6304347826086957	0.6739130434782609	
	179	406	0.9679802955665021	33.35	0.6086956521739131	0.5869565217391305	0.6739130434782609	0.9679802955665024	57	0.5	0.5	0.6304347826086957	0.5434782608695652	0.6086956521739131	0.6086956521739131	
F + 12 	191	406	0.9679802955665021	33.35	0.6086956521739131	0.5869565217391305	0.6521739130434783	
	191	406	0.9679802955665021	29.6	0.6304347826086957	0.717391304347826	0.6521739130434783	0.9679802955665024	57	0.5217391304347826	0.45652173913043476	0.6304347826086957	0.5217391304347826	0.6086956521739131	0.5869565217391305	
F + 12 	203	406	0.9679802955665021	29.6	0.6304347826086957	0.6739130434782609	0.6521739130434783	
	203	406	0.9679802955665021	27.05	0.6086956521739131	0.6956521739130435	0.6304347826086957	0.9679802955665024	57	0.5217391304347826	0.45652173913043476	0.5869565217391305	0.45652173913043476	0.5434782608695652	0.5869565217391305	
F + 15 	218	406	0.9679802955665021	27.05	0.5869565217391305	0.6956521739130435	0.6521739130434783	
	218	406	0.9704433497536943	27.6	0.6739130434782609	0.6304347826086957	0.6304347826086957	0.9704433497536946	57	0.6086956521739131	0.5	0.5652173913043478	0.6086956521739131	0.6086956521739131	0.5869565217391305	
F + 12 	230	406	0.9704433497536943	27.6	0.6521739130434783	0.6304347826086957	0.6304347826086957	
	230	406	0.9729064039408865	27.6	0.6086956521739131	0.5652173913043478	0.6304347826086957	0.9679802955665024	57	0.6086956521739131	0.5	0.6739130434782609	0.6086956521739131	0.5652173913043478	0.5869565217391305	
F + 17 	247	406	0.9729064039408865	27.6	0.6086956521739131	0.5869565217391305	0.6304347826086957	
	247	406	0.9876847290640394	27.3	0.7391304347826086	0.6086956521739131	0.6739130434782609	0.9876847290640394	57	0.6739130434782609	0.5217391304347826	0.6956521739130435	0.6739130434782609	0.5217391304347826	0.6086956521739131	
F + 21 	268	406	0.9876847290640394	27.3	0.7391304347826086	0.6086956521739131	0.6956521739130435	
	268	406	0.9901477832512315	25.75	0.717391304347826	0.6086956521739131	0.6739130434782609	0.9876847290640394	57	0.6304347826086957	0.4782608695652174	0.6956521739130435	0.6086956521739131	0.5217391304347826	0.5869565217391305	
