Data Set	arrhythmia	
CFS	Feature	Instance	CFS Merit	CFS Size	C4.5	NN	NB	Merit	Size	C4.5	NN	NB	C4.5	NN	NB	
	280	81	0.009786867566742607	121.25	0.6304347826086957	0.5217391304347826	0.41304347826086957	0.004248761067147445	279	0.5652173913043478	0.5	0.391304347826087	0.5652173913043478	0.5	0.391304347826087	
I + 11 	280	92	0.010852992325655782	121.25	0.6739130434782609	0.5217391304347826	0.43478260869565216	
	280	92	0.013415376122961639	117.65	0.6304347826086957	0.4782608695652174	0.43478260869565216	0.005646590243892963	279	0.5217391304347826	0.5	0.43478260869565216	0.5217391304347826	0.5	0.43478260869565216	
I + 9 	280	101	0.009403542935387667	117.65	0.6956521739130435	0.5217391304347826	0.4782608695652174	
	280	101	0.01059055330485949	115.0	0.6739130434782609	0.5434782608695652	0.45652173913043476	0.004359413919446047	279	0.45652173913043476	0.4782608695652174	0.4782608695652174	0.45652173913043476	0.4782608695652174	0.4782608695652174	
I + 15 	280	116	0.00812368384989253	115.0	0.717391304347826	0.45652173913043476	0.45652173913043476	
	280	116	0.008593889834986912	111.5	0.6739130434782609	0.5869565217391305	0.5	0.0034310062802366766	279	0.5869565217391305	0.43478260869565216	0.4782608695652174	0.5869565217391305	0.43478260869565216	0.4782608695652174	
I + 15 	280	131	0.012168740936670063	111.5	0.6956521739130435	0.5869565217391305	0.5434782608695652	
	280	131	0.01311288040037922	111.55	0.6739130434782609	0.5869565217391305	0.5434782608695652	0.005230093206998929	279	0.6521739130434783	0.45652173913043476	0.5217391304347826	0.6521739130434783	0.45652173913043476	0.5217391304347826	
I + 12 	280	143	0.01627370653717798	111.55	0.6521739130434783	0.6086956521739131	0.5434782608695652	
	280	143	0.021632387311714338	121.45	0.717391304347826	0.5869565217391305	0.5217391304347826	0.009356139977728287	279	0.6086956521739131	0.4782608695652174	0.4782608695652174	0.6086956521739131	0.4782608695652174	0.4782608695652174	
I + 17 	280	160	0.02284710750390572	121.45	0.6521739130434783	0.5652173913043478	0.5217391304347826	
	280	160	0.028735264280113988	121.95	0.6521739130434783	0.6304347826086957	0.5217391304347826	0.01248506727206624	279	0.6739130434782609	0.4782608695652174	0.5217391304347826	0.6739130434782609	0.4782608695652174	0.5217391304347826	
I + 16 	280	176	0.030645292119669338	121.95	0.717391304347826	0.6086956521739131	0.5869565217391305	
	280	176	0.035109796308570904	121.35	0.717391304347826	0.6086956521739131	0.6304347826086957	0.01508700143828558	279	0.6956521739130435	0.5217391304347826	0.5652173913043478	0.6956521739130435	0.5217391304347826	0.5652173913043478	
I + 12 	280	188	0.032770165972230675	121.35	0.7608695652173914	0.6304347826086957	0.5869565217391305	
	280	188	0.03432893849852352	118.15	0.717391304347826	0.6304347826086957	0.5	0.014347828633124124	279	0.7608695652173914	0.5217391304347826	0.5217391304347826	0.7608695652173914	0.5217391304347826	0.5217391304347826	
I + 10 	280	198	0.035557214396595385	118.15	0.717391304347826	0.6304347826086957	0.5217391304347826	
	280	198	0.04019327087165599	121.15	0.7391304347826086	0.6739130434782609	0.6086956521739131	0.017113150701973716	279	0.6956521739130435	0.5217391304347826	0.5217391304347826	0.6956521739130435	0.5217391304347826	0.5217391304347826	
I + 13 	280	211	0.04122573336414696	121.15	0.717391304347826	0.6086956521739131	0.6086956521739131	
	280	211	0.04651660814956128	121.5	0.6956521739130435	0.6739130434782609	0.6086956521739131	0.019868620929798683	279	0.6521739130434783	0.5652173913043478	0.5652173913043478	0.6521739130434783	0.5652173913043478	0.5652173913043478	
I + 17 	280	228	0.043900126673961246	121.5	0.717391304347826	0.6739130434782609	0.5869565217391305	
	280	228	0.046703159428784474	119.0	0.7391304347826086	0.6521739130434783	0.5869565217391305	0.01944227481512315	279	0.6739130434782609	0.5434782608695652	0.5434782608695652	0.6739130434782609	0.5434782608695652	0.5434782608695652	
I + 11 	280	239	0.04555018252693015	119.0	0.717391304347826	0.6521739130434783	0.5652173913043478	
	280	239	0.049036607044022615	119.5	0.6739130434782609	0.6521739130434783	0.5869565217391305	0.020616151179453764	279	0.6304347826086957	0.5	0.5652173913043478	0.6304347826086957	0.5	0.5652173913043478	
I + 14 	280	253	0.042690719916091975	119.5	0.6521739130434783	0.6521739130434783	0.5869565217391305	
	280	253	0.044944119424434895	119.55	0.6739130434782609	0.6739130434782609	0.5869565217391305	0.018859709361138496	279	0.6086956521739131	0.5	0.6304347826086957	0.6086956521739131	0.5	0.6304347826086957	
I + 13 	280	266	0.043422485606047535	119.55	0.6956521739130435	0.6739130434782609	0.6086956521739131	
	280	266	0.04519039432929819	116.85	0.6739130434782609	0.6739130434782609	0.6304347826086957	0.01856098474051777	279	0.5652173913043478	0.5	0.5869565217391305	0.5652173913043478	0.5	0.5869565217391305	
I + 23 	280	289	0.04591146586927303	116.85	0.6956521739130435	0.6304347826086957	0.6739130434782609	
	280	289	0.04808606222737006	115.75	0.6739130434782609	0.6304347826086957	0.6521739130434783	0.019643622010487284	279	0.5652173913043478	0.4782608695652174	0.5652173913043478	0.5652173913043478	0.4782608695652174	0.5652173913043478	
I + 15 	280	304	0.04957876620228045	115.75	0.6956521739130435	0.6086956521739131	0.6521739130434783	
	280	304	0.051083746081567086	115.6	0.717391304347826	0.6521739130434783	0.6304347826086957	0.020694258725620397	279	0.5869565217391305	0.5	0.5652173913043478	0.5869565217391305	0.5	0.5652173913043478	
I + 24 	280	328	0.0472913040444713	115.6	0.717391304347826	0.6521739130434783	0.6521739130434783	
	280	328	0.049628974518463306	116.1	0.6956521739130435	0.6304347826086957	0.6304347826086957	0.020249229415617985	279	0.6521739130434783	0.5217391304347826	0.6086956521739131	0.6521739130434783	0.5217391304347826	0.6086956521739131	
I + 36 	280	364	0.05348691370680908	116.1	0.6956521739130435	0.5652173913043478	0.6521739130434783	
	280	364	0.05848980889990533	116.4	0.6956521739130435	0.6086956521739131	0.6739130434782609	0.023722998824717907	279	0.5434782608695652	0.5217391304347826	0.6086956521739131	0.5434782608695652	0.5217391304347826	0.6086956521739131	
I + 40 	280	404	0.061349003640225365	116.4	0.6521739130434783	0.6086956521739131	0.6521739130434783	
	280	404	0.06697922942633705	119.0	0.6739130434782609	0.6739130434782609	0.6521739130434783	0.027896503524351947	279	0.5869565217391305	0.5434782608695652	0.5869565217391305	0.5869565217391305	0.5434782608695652	0.5869565217391305	

Data Set	arrhythmia	
PCFS	Feature	Instance	PCFS Merit	PCFS Size	C4.5	NN	NB	Merit	Size	C4.5	NN	NB	C4.5	NN	NB	
	280	81	0.7407407407407406	128.8	0.6086956521739131	0.45652173913043476	0.3695652173913043	0.7407407407407407	279	0.5652173913043478	0.5	0.391304347826087	0.5652173913043478	0.5	0.391304347826087	
I + 11 	280	92	0.7543478260869565	128.8	0.6521739130434783	0.5217391304347826	0.43478260869565216	
	280	92	0.7608695652173911	123.2	0.6521739130434783	0.5217391304347826	0.43478260869565216	0.7608695652173914	279	0.5217391304347826	0.5	0.43478260869565216	0.5217391304347826	0.5	0.43478260869565216	
I + 9 	280	101	0.7029702970297028	123.2	0.6956521739130435	0.5652173913043478	0.5	
	280	101	0.7029702970297028	120.05	0.717391304347826	0.4782608695652174	0.45652173913043476	0.7029702970297029	279	0.45652173913043476	0.4782608695652174	0.4782608695652174	0.45652173913043476	0.4782608695652174	0.4782608695652174	
I + 15 	280	116	0.7176724137931032	120.05	0.6956521739130435	0.5652173913043478	0.45652173913043476	
	280	116	0.7241379310344827	119.3	0.6739130434782609	0.5434782608695652	0.4782608695652174	0.7241379310344828	279	0.5869565217391305	0.43478260869565216	0.4782608695652174	0.5869565217391305	0.43478260869565216	0.4782608695652174	
I + 15 	280	131	0.783206106870229	119.3	0.6739130434782609	0.5652173913043478	0.5217391304347826	
	280	131	0.8091603053435111	120.4	0.6956521739130435	0.6304347826086957	0.5434782608695652	0.8091603053435115	279	0.6521739130434783	0.45652173913043476	0.5217391304347826	0.6521739130434783	0.45652173913043476	0.5217391304347826	
I + 12 	280	143	0.8517482517482519	120.4	0.6304347826086957	0.6304347826086957	0.5217391304347826	
	280	143	0.8951048951048953	126.85	0.717391304347826	0.5217391304347826	0.5217391304347826	0.8951048951048951	279	0.6086956521739131	0.4782608695652174	0.4782608695652174	0.6086956521739131	0.4782608695652174	0.4782608695652174	
I + 17 	280	160	0.89875	126.85	0.717391304347826	0.5652173913043478	0.5434782608695652	
	280	160	0.9250000000000004	126.4	0.6956521739130435	0.6086956521739131	0.5434782608695652	0.925	279	0.6739130434782609	0.4782608695652174	0.5217391304347826	0.6739130434782609	0.4782608695652174	0.5217391304347826	
I + 16 	280	176	0.9392045454545457	126.4	0.7391304347826086	0.6304347826086957	0.5652173913043478	
	280	176	0.9488636363636365	125.95	0.782608695652174	0.6521739130434783	0.5652173913043478	0.9488636363636364	279	0.6956521739130435	0.5217391304347826	0.5652173913043478	0.6956521739130435	0.5217391304347826	0.5652173913043478	
I + 12 	280	188	0.9345744680851062	125.95	0.782608695652174	0.6521739130434783	0.5217391304347826	
	280	188	0.9414893617021282	123.1	0.7391304347826086	0.6304347826086957	0.6086956521739131	0.9414893617021276	279	0.7608695652173914	0.5217391304347826	0.5217391304347826	0.7608695652173914	0.5217391304347826	0.5217391304347826	
I + 10 	280	198	0.9694444444444441	123.1	0.7391304347826086	0.6304347826086957	0.5652173913043478	
	280	198	0.9797979797979796	124.3	0.7608695652173914	0.6739130434782609	0.5434782608695652	0.9797979797979798	279	0.6956521739130435	0.5217391304347826	0.5217391304347826	0.6956521739130435	0.5217391304347826	0.5217391304347826	
I + 13 	280	211	0.9781990521327014	124.3	0.7391304347826086	0.6304347826086957	0.5652173913043478	
	280	211	0.9810426540284357	122.25	0.717391304347826	0.5869565217391305	0.5652173913043478	0.981042654028436	279	0.6521739130434783	0.5652173913043478	0.5652173913043478	0.6521739130434783	0.5652173913043478	0.5652173913043478	
I + 17 	280	228	0.976535087719298	122.25	0.717391304347826	0.5869565217391305	0.5652173913043478	
	280	228	0.9824561403508769	121.75	0.717391304347826	0.6086956521739131	0.5217391304347826	0.9824561403508771	279	0.6739130434782609	0.5434782608695652	0.5434782608695652	0.6739130434782609	0.5434782608695652	0.5434782608695652	
I + 11 	280	239	0.9550209205020923	121.75	0.717391304347826	0.6086956521739131	0.5652173913043478	
	280	239	0.9665271966527198	123.75	0.6956521739130435	0.5869565217391305	0.5869565217391305	0.9665271966527197	279	0.6304347826086957	0.5	0.5652173913043478	0.6304347826086957	0.5	0.5652173913043478	
I + 14 	280	253	0.958102766798419	123.75	0.6956521739130435	0.6086956521739131	0.6086956521739131	
	280	253	0.972332015810277	125.1	0.6956521739130435	0.6086956521739131	0.6086956521739131	0.9723320158102767	279	0.6086956521739131	0.5	0.6304347826086957	0.6086956521739131	0.5	0.6304347826086957	
I + 13 	280	266	0.9689849624060148	125.1	0.6739130434782609	0.5652173913043478	0.6086956521739131	
	280	266	0.9736842105263154	125.35	0.6956521739130435	0.6086956521739131	0.6086956521739131	0.9736842105263158	279	0.5652173913043478	0.5	0.5869565217391305	0.5652173913043478	0.5	0.5869565217391305	
I + 23 	280	289	0.9723183391003462	125.35	0.6521739130434783	0.5652173913043478	0.5869565217391305	
	280	289	0.9792387543252591	126.25	0.6521739130434783	0.5434782608695652	0.6304347826086957	0.9792387543252595	279	0.5652173913043478	0.4782608695652174	0.5652173913043478	0.5652173913043478	0.4782608695652174	0.5652173913043478	
I + 15 	280	304	0.9707236842105263	126.25	0.6956521739130435	0.5434782608695652	0.6304347826086957	
	280	304	0.9736842105263154	125.2	0.6521739130434783	0.5869565217391305	0.6521739130434783	0.9736842105263158	279	0.5869565217391305	0.5	0.5652173913043478	0.5869565217391305	0.5	0.5652173913043478	
I + 24 	280	328	0.9637195121951219	125.2	0.7391304347826086	0.5652173913043478	0.6739130434782609	
	280	328	0.972560975609756	126.4	0.7608695652173914	0.5869565217391305	0.6304347826086957	0.9725609756097561	279	0.6521739130434783	0.5217391304347826	0.6086956521739131	0.6521739130434783	0.5217391304347826	0.6086956521739131	
I + 36 	280	364	0.9743131868131867	126.4	0.6304347826086957	0.5869565217391305	0.6304347826086957	
	280	364	0.9807692307692303	127.7	0.6304347826086957	0.5869565217391305	0.6521739130434783	0.9807692307692307	279	0.5434782608695652	0.5217391304347826	0.6086956521739131	0.5434782608695652	0.5217391304347826	0.6086956521739131	
I + 40 	280	404	0.9861386138613861	127.7	0.6521739130434783	0.5869565217391305	0.6304347826086957	
	280	404	0.9900990099009906	125.8	0.6304347826086957	0.5869565217391305	0.6521739130434783	0.9900990099009901	279	0.5869565217391305	0.5434782608695652	0.5869565217391305	0.5869565217391305	0.5434782608695652	0.5869565217391305	
