Mode = 11
Method	Fold	Repeat	Size	Merit	Time	Features

multifeat	multifeat	multifeat	multifeat

GA	0	0	244	0.8852326708025022	29426	0 6 7 8 9 10 12 14 16 18 29 33 35 36 41 42 43 45 46 48 52 59 63 65 66 67 74 79 80 83 84 85 87 89 93 95 96 98 99 107 108 110 111 117 119 120 124 127 128 131 132 133 137 140 141 142 143 145 147 153 154 155 157 166 167 168 169 177 179 180 183 184 185 189 191 192 194 197 199 203 204 207 208 210 212 216 217 218 219 220 221 222 223 224 225 226 227 228 229 230 233 237 241 243 245 256 258 265 267 268 269 271 272 276 277 278 280 282 283 285 287 288 289 290 291 292 293 294 295 296 297 301 302 306 308 309 312 317 318 319 320 321 323 324 328 329 330 331 332 335 336 346 356 357 358 359 360 361 363 368 373 376 377 384 402 406 413 414 415 418 419 420 423 428 430 431 432 434 435 438 442 443 444 453 456 457 460 462 468 470 471 473 474 475 479 481 482 483 484 489 490 491 498 499 504 505 512 515 517 522 545 552 556 576 577 578 579 591 593 598 599 600 601 602 607 608 612 618 623 624 625 627 628 631 632 634 637 639 640 641 643 644 645 646
GA	1	0	258	0.874965014233118	30413	0 6 7 9 10 11 12 14 18 19 23 26 29 31 35 36 38 41 42 48 52 60 61 63 64 67 71 73 74 78 80 82 83 85 88 91 93 94 96 98 101 105 106 107 108 111 117 118 120 127 129 130 131 132 134 138 139 140 141 143 145 146 147 148 153 155 157 159 166 168 171 173 174 180 183 184 189 190 192 194 196 201 204 207 208 211 216 218 219 220 221 222 223 224 225 226 227 228 229 230 231 233 237 239 242 245 248 253 257 258 266 268 270 272 273 274 276 280 283 284 285 286 288 289 291 292 293 294 295 296 299 300 301 302 304 305 306 310 314 316 317 318 319 320 322 328 329 330 331 336 341 345 350 356 357 358 359 360 361 364 367 374 378 381 391 397 400 401 404 413 414 418 419 421 422 424 428 433 434 435 440 442 443 444 445 448 450 451 452 453 456 458 459 465 467 469 473 475 476 477 488 489 490 494 495 496 498 499 502 504 510 514 515 517 521 522 523 524 530 531 533 536 537 545 547 555 560 570 574 576 577 578 592 594 595 598 600 601 608 609 610 611 612 613 614 619 624 625 626 629 632 635 636 638 641 643 644 646
GA	2	0	255	0.8812001116897458	31498	0 1 3 5 7 8 9 11 12 14 20 25 29 30 31 33 34 35 36 40 41 42 45 48 57 66 67 71 74 80 82 83 84 85 86 90 91 93 96 97 98 101 107 108 109 110 111 112 117 119 122 125 126 127 131 132 133 139 141 142 143 146 147 151 152 153 156 157 160 162 164 168 169 172 175 178 179 180 183 184 185 189 191 192 197 205 207 210 212 213 216 217 218 219 221 222 223 224 226 227 228 229 230 231 232 234 235 237 238 241 245 250 252 253 254 256 261 274 275 276 278 279 280 281 283 284 285 286 287 288 289 291 292 294 295 296 297 299 301 302 304 305 310 311 314 316 317 318 319 322 323 324 329 330 336 345 356 357 358 359 360 361 362 363 366 370 376 378 392 395 409 413 414 415 416 417 418 419 425 427 429 432 433 434 435 436 439 442 443 448 450 457 459 460 461 471 474 476 482 484 485 489 490 494 498 499 500 503 505 508 511 515 516 517 522 527 528 531 532 536 538 539 551 556 565 575 576 578 581 586 588 591 592 593 594 596 600 603 610 611 612 614 618 623 624 625 626 635 637 638 639 641 644 646 648
GA	3	0	265	0.8690735034376716	30923	0 5 7 9 10 12 14 15 16 20 23 28 29 31 33 35 39 41 42 45 46 48 52 54 57 59 60 63 66 67 69 70 71 73 74 77 82 84 86 87 89 91 93 94 96 97 98 99 105 107 108 109 117 118 120 123 128 131 132 133 137 141 142 143 144 146 148 151 152 153 154 156 162 165 167 168 169 173 178 180 182 183 184 185 189 192 193 194 196 200 201 202 203 206 210 212 216 217 218 219 220 221 222 223 224 225 226 228 229 230 233 241 244 247 253 256 258 260 261 264 265 271 272 278 280 281 282 284 285 287 288 289 290 291 292 294 295 296 297 298 299 300 301 302 304 305 306 309 312 316 318 320 322 323 326 327 328 331 340 343 347 350 353 356 357 358 359 360 361 363 366 367 368 372 377 378 382 383 385 390 392 402 405 407 410 415 416 417 418 419 420 423 425 429 430 431 432 433 436 442 443 444 447 452 453 456 457 464 467 471 475 476 480 483 487 489 490 496 500 501 504 507 510 512 514 515 518 519 521 530 535 537 538 544 551 560 561 574 575 576 577 578 583 590 591 592 593 594 598 599 601 602 605 608 609 612 614 616 623 638 641 644 646 647 648
GA	4	0	269	0.8784581455925445	31565	0 3 5 8 9 10 11 12 14 17 18 19 21 22 23 26 28 30 31 33 34 35 36 47 48 52 55 59 63 64 65 66 72 73 80 83 85 86 87 91 93 94 96 98 99 100 105 107 108 109 110 111 112 113 117 118 119 129 131 132 133 139 141 142 143 145 150 151 152 153 156 157 158 162 163 165 166 168 174 178 180 183 184 187 189 192 204 207 208 209 212 213 215 216 217 218 219 220 221 222 223 224 226 227 228 229 230 232 233 237 238 239 241 245 246 250 251 256 259 262 263 270 273 274 276 278 279 280 281 282 283 284 286 287 288 289 290 291 292 293 294 295 297 298 300 301 303 304 306 310 311 315 316 317 318 319 323 324 326 328 336 338 339 344 351 353 354 356 357 358 359 360 361 374 377 380 382 396 400 403 405 408 412 414 416 417 418 419 420 423 427 434 436 438 442 443 446 448 454 456 457 458 459 460 466 468 472 475 476 479 489 490 493 495 497 499 500 503 512 513 515 516 517 525 530 532 536 537 540 545 551 552 561 573 574 575 577 584 585 586 589 591 592 594 596 599 600 601 604 607 609 612 614 619 623 624 626 627 629 632 634 637 638 639 640 641 644 646 647
GA	5	0	267	0.8818536853980113	33700	0 4 8 9 10 12 15 18 19 23 24 26 29 31 34 35 36 41 42 46 47 48 50 52 60 63 64 65 71 74 79 80 84 86 91 92 93 96 97 98 99 100 102 105 106 107 108 109 111 112 117 118 119 121 122 123 124 127 128 130 131 132 133 137 139 141 143 145 148 156 157 158 162 167 169 173 174 180 183 184 189 192 193 199 203 204 205 207 208 212 215 216 217 218 219 221 222 223 224 225 226 227 228 229 230 231 233 235 239 241 246 256 261 263 265 271 272 273 276 278 279 281 282 283 284 285 286 288 289 290 291 292 293 294 296 299 301 302 303 305 310 311 312 314 316 317 318 320 322 323 330 331 332 333 336 337 339 344 347 348 350 353 356 357 358 359 360 361 363 365 366 367 382 399 400 403 409 415 416 418 419 420 421 422 425 427 428 429 432 433 434 438 441 442 444 445 447 448 453 455 457 458 462 467 468 471 472 474 475 480 489 490 498 500 501 506 508 514 516 518 522 525 530 532 536 537 545 546 550 551 560 566 576 577 579 586 588 590 591 593 595 597 598 599 601 602 606 607 610 612 614 618 623 624 625 631 632 634 635 637 638 639 643 644 645 646 648
GA	6	0	251	0.8803320144465286	31159	0 7 10 11 12 18 19 21 25 28 29 32 33 34 35 36 41 42 45 46 48 52 60 63 65 67 68 71 72 82 83 84 85 87 89 91 93 95 96 98 99 101 102 104 107 108 111 112 120 125 129 131 132 133 134 141 143 144 145 147 148 153 156 157 158 161 168 169 174 177 178 180 183 189 190 192 193 197 198 203 204 205 207 212 216 217 218 219 220 221 222 223 224 226 227 228 229 230 233 234 236 238 239 248 251 258 263 267 268 272 278 279 282 283 284 285 287 288 289 291 293 294 295 296 301 302 303 304 305 310 311 316 318 319 322 323 324 327 328 330 334 336 339 341 343 345 353 356 357 358 359 360 361 363 365 366 394 400 402 403 404 406 408 409 411 415 417 418 419 420 423 425 428 429 432 433 436 444 445 446 455 456 457 458 459 468 471 472 474 476 477 487 488 489 490 495 499 503 504 505 509 510 511 515 516 517 522 529 532 536 537 540 545 548 551 552 558 559 560 570 575 576 577 578 580 583 586 591 592 593 599 601 602 608 609 612 614 618 620 622 623 624 625 632 634 637 638 641 646 647 648
GA	7	0	255	0.8766157610755004	33684	0 3 6 9 10 12 14 16 20 21 28 29 34 36 41 43 44 45 48 52 57 63 64 66 67 70 71 73 74 78 79 80 81 82 83 84 85 91 93 96 98 99 100 102 105 106 107 108 109 111 112 117 119 123 124 131 132 137 139 141 143 144 146 147 152 155 156 157 158 169 170 176 177 178 180 185 189 191 197 208 211 216 217 218 219 220 221 222 223 224 225 226 227 228 229 230 232 233 236 237 238 239 240 241 244 248 250 251 260 261 263 264 265 268 271 272 274 275 279 280 282 283 284 285 286 289 291 292 293 294 296 297 301 302 303 305 306 310 311 312 316 317 318 319 320 325 329 331 332 336 337 338 341 345 349 353 356 357 358 359 360 361 363 367 375 377 383 388 390 395 401 403 410 414 416 417 418 420 422 423 427 428 430 432 434 441 443 444 446 447 456 457 459 460 466 467 471 473 475 476 478 481 483 489 491 498 503 504 508 511 514 515 516 518 520 522 527 530 541 551 552 561 562 566 576 578 584 585 589 590 591 594 596 598 600 601 606 607 608 613 618 619 623 624 625 626 632 634 637 639 641 643 644 646 647
GA	8	0	236	0.8780848953697762	33470	0 4 7 9 10 12 14 18 20 25 26 28 34 35 36 38 40 41 42 45 48 52 53 56 57 63 65 66 67 69 71 72 83 84 85 86 87 91 93 94 95 96 97 98 100 105 107 111 115 118 119 120 121 123 124 127 129 131 132 133 137 140 141 143 144 145 151 153 156 168 169 173 178 180 183 189 193 196 202 204 205 207 211 212 216 217 218 219 221 222 223 226 227 229 230 233 234 244 246 247 251 252 254 259 264 268 274 275 278 279 281 282 284 285 286 287 288 289 291 292 294 295 296 297 299 301 302 303 304 306 311 315 316 317 318 320 327 328 329 331 334 337 338 344 348 353 354 356 357 358 359 360 361 362 365 367 368 372 383 393 395 401 404 407 413 415 416 417 418 420 423 425 429 431 433 434 435 437 438 442 443 446 452 456 458 460 466 472 473 474 475 476 480 483 485 489 500 503 504 515 517 519 520 523 528 531 536 537 541 542 550 559 562 576 591 592 594 598 599 600 602 608 609 612 620 622 623 625 627 631 632 633 639 641 643 646
GA	9	0	238	0.8826107731613368	32374	0 3 7 9 11 12 14 18 21 26 28 29 30 31 33 35 36 40 41 42 44 48 52 59 60 61 63 64 65 68 70 71 72 79 83 88 91 92 93 96 98 99 101 105 106 107 108 111 113 117 120 121 122 127 129 130 132 133 137 139 142 143 145 147 153 154 156 157 159 162 165 166 168 169 180 189 191 192 194 196 198 204 205 206 212 213 215 216 217 218 220 221 222 223 224 225 226 228 229 230 233 234 239 240 241 243 244 246 263 264 265 272 273 274 282 283 286 287 288 289 290 291 292 294 296 297 299 302 303 306 308 310 313 316 317 318 319 322 325 330 331 337 338 341 344 347 350 356 357 358 359 360 361 363 364 365 371 393 396 399 403 415 416 417 418 419 421 425 428 429 430 434 436 437 438 443 444 450 453 456 457 458 460 462 471 474 475 476 478 479 480 482 484 485 490 500 505 511 513 515 517 522 525 531 536 538 559 560 563 565 570 576 577 579 586 591 592 594 597 600 601 604 608 612 613 619 623 624 625 630 631 632 634 638 639 641 646 647
PSO	0	0	405	0.8480866425427939	25700	0 2 5 6 7 9 10 11 12 14 15 16 18 19 20 23 25 27 29 31 33 35 36 39 40 41 42 43 46 47 48 50 52 54 58 59 60 63 64 65 66 67 69 70 71 72 73 74 79 80 81 82 83 85 86 90 93 94 95 96 97 98 99 100 101 104 106 107 108 109 111 112 113 114 117 118 119 120 121 122 123 127 129 130 132 133 137 141 142 144 145 146 150 151 152 153 155 156 157 158 159 160 161 162 163 166 168 169 173 174 178 180 182 183 185 188 189 191 195 198 199 200 201 202 203 204 207 208 210 211 213 215 216 217 218 219 220 221 222 223 224 225 226 227 228 229 230 233 234 236 237 238 239 241 242 243 244 245 246 248 250 253 254 255 256 258 259 261 263 264 265 266 267 268 269 270 271 272 273 274 275 279 280 281 282 284 285 286 287 288 289 290 291 292 293 294 295 296 300 301 302 303 305 306 309 311 312 313 314 316 317 319 320 323 324 325 326 329 330 331 333 334 336 337 338 339 340 341 344 345 346 348 349 352 355 356 357 358 359 360 361 364 365 366 367 369 375 376 378 379 381 384 385 387 389 391 392 393 394 396 398 401 402 403 406 409 412 413 415 416 417 419 420 421 424 425 426 427 428 429 430 432 433 436 437 438 440 442 443 444 446 448 449 450 453 456 460 462 463 464 467 468 471 472 474 475 476 477 478 479 480 482 483 484 486 489 490 492 493 494 498 499 500 503 504 505 507 509 511 514 515 516 522 526 527 531 533 536 537 542 543 544 545 546 551 552 559 560 564 565 566 572 573 574 575 576 578 579 580 582 584 585 586 589 590 591 592 593 594 595 596 598 599 601 602 606 607 608 609 610 612 613 614 615 619 621 622 623 624 625 626 627 630 631 633 634 637 638 639 640 641 643 644 646 648
PSO	1	0	407	0.8373912021772568	25236	0 1 3 6 7 8 12 14 15 18 19 22 23 26 27 28 29 31 32 33 34 35 36 37 38 39 40 41 42 44 46 47 48 49 50 52 55 56 57 59 61 62 63 66 67 68 71 72 73 74 76 78 79 82 84 85 88 90 91 92 93 97 98 99 103 105 106 107 108 111 112 113 114 115 117 118 119 120 122 124 127 129 131 132 135 137 141 142 143 144 145 147 148 149 151 153 155 156 157 158 161 163 165 166 167 169 170 171 173 175 177 178 179 180 181 183 184 185 188 189 190 191 192 193 194 196 197 198 199 201 203 204 205 206 208 210 211 212 215 216 217 218 219 220 221 222 223 224 225 227 228 229 230 231 232 233 235 237 238 239 240 241 243 247 251 252 253 254 256 258 261 262 264 266 267 269 271 272 276 278 279 281 282 283 284 285 288 289 290 291 293 294 295 296 297 298 299 300 301 302 304 305 306 307 308 309 310 311 312 313 314 315 316 317 318 319 322 324 329 330 331 333 334 335 337 338 340 341 343 344 345 346 347 348 349 351 353 354 355 356 357 358 359 360 361 362 363 364 368 369 370 376 377 379 382 383 384 385 387 390 391 396 400 404 405 406 408 409 410 411 412 415 416 417 418 419 420 421 422 423 425 426 427 429 431 432 433 434 435 441 442 443 444 445 446 448 450 451 452 453 454 456 458 460 461 465 473 474 476 477 479 481 483 485 487 489 490 491 494 496 497 499 500 501 502 503 504 508 509 512 514 515 517 518 519 522 524 526 529 530 531 532 535 536 537 539 540 549 551 553 554 556 557 560 563 567 569 570 572 573 575 576 578 579 580 581 582 586 588 590 592 593 594 595 597 598 599 600 602 604 606 607 609 610 616 617 618 619 621 622 624 625 626 627 629 631 632 633 634 638 639 641 642 643 644 646 647
PSO	2	0	489	0.8374763875163542	27156	0 1 2 5 6 7 8 9 10 11 12 14 15 19 20 21 22 23 24 27 28 29 31 33 34 35 36 37 40 41 42 43 44 45 46 48 52 54 57 58 59 60 61 62 63 64 65 66 67 68 69 70 71 72 73 74 75 76 77 78 79 80 81 82 83 84 85 86 87 88 90 91 92 93 95 96 97 98 99 100 101 102 103 105 106 107 108 109 110 111 113 115 117 118 119 120 121 122 123 125 126 127 129 132 133 134 135 136 137 139 140 141 142 143 144 145 146 148 149 150 151 152 153 155 157 158 159 160 162 163 164 165 166 167 168 169 170 171 173 174 176 178 179 180 181 182 183 184 185 186 187 189 190 191 192 193 194 195 196 197 198 199 200 201 202 204 205 206 207 208 209 211 212 213 215 216 217 218 219 220 222 223 224 225 226 227 228 229 230 233 234 236 237 238 239 240 241 242 243 244 245 246 247 248 251 252 254 255 258 259 264 266 267 269 270 271 274 275 276 277 278 279 280 281 282 283 284 285 286 287 288 289 290 291 292 294 295 296 297 298 299 301 302 303 304 305 308 309 311 312 313 314 315 316 317 318 319 321 322 323 324 326 327 328 329 331 336 337 338 339 340 341 342 343 345 346 349 350 353 355 356 357 358 359 360 361 362 363 366 367 368 370 371 373 374 375 376 377 378 379 381 384 385 389 392 393 394 395 396 397 398 400 401 402 403 404 405 407 408 409 411 413 414 415 416 417 418 419 420 421 422 423 424 425 427 428 429 430 431 432 433 434 435 436 440 442 443 444 445 446 448 449 450 451 452 453 456 457 458 460 461 462 463 466 468 469 471 472 474 475 476 477 478 479 480 481 483 484 486 487 488 489 490 491 493 495 497 498 499 500 501 503 504 506 511 512 514 515 516 517 518 519 522 525 526 527 528 530 531 533 537 542 544 545 546 547 548 550 552 554 555 557 559 560 561 562 565 566 567 570 572 575 576 577 578 579 581 583 584 589 590 591 592 593 594 595 596 597 599 601 602 603 604 606 607 608 610 611 612 613 614 615 616 618 619 620 621 622 623 624 625 626 627 628 631 632 633 634 636 638 639 640 641 642 643 644 646 647 648
PSO	3	0	410	0.8373156075667798	26238	0 2 3 6 7 8 9 11 13 14 15 17 18 19 20 22 23 24 26 28 29 30 33 34 35 39 40 41 43 44 47 48 52 53 54 56 57 58 59 60 65 66 67 69 70 71 72 74 75 80 81 82 83 84 85 87 88 90 91 93 94 95 96 97 98 99 102 104 105 107 109 110 115 117 118 119 120 121 123 126 129 131 132 133 134 136 137 139 140 141 142 143 144 145 146 148 151 153 155 158 161 163 166 167 168 169 171 173 174 176 177 179 180 181 182 183 184 185 186 187 189 190 191 192 193 194 199 201 204 206 208 209 210 211 212 214 216 217 218 219 220 221 222 223 224 225 226 227 228 229 230 231 232 234 236 237 238 240 241 243 244 245 248 249 250 251 252 253 256 257 258 259 260 261 262 266 267 268 269 271 273 274 275 276 277 279 280 281 282 283 284 286 287 288 289 290 291 292 293 294 295 296 297 298 300 301 302 303 304 305 306 310 311 312 313 316 317 318 319 323 325 327 329 330 331 332 334 335 338 340 343 346 348 349 351 353 354 356 357 358 359 360 361 363 365 366 367 369 377 379 380 382 384 385 386 388 391 392 393 396 398 399 401 403 404 405 406 407 408 409 410 412 414 415 416 417 418 419 421 424 425 428 430 432 433 434 436 438 440 441 444 445 446 448 451 454 455 456 457 458 459 460 461 462 463 464 465 467 470 471 473 474 475 476 478 479 480 482 485 486 487 488 489 490 497 498 499 500 501 503 504 507 508 509 510 512 514 515 517 518 519 520 522 524 531 533 534 535 536 537 539 540 542 546 549 551 552 557 558 562 565 566 570 572 573 574 575 576 577 578 580 581 586 588 589 591 592 593 594 595 597 599 600 602 604 605 606 609 610 612 614 615 618 622 623 624 625 629 632 633 634 637 640 641 642 643 644 646 647 648
PSO	4	0	400	0.8389549336956874	25555	0 2 9 11 12 14 15 17 18 22 24 25 26 28 29 30 33 34 35 40 41 42 43 45 46 47 48 49 52 53 56 58 59 62 65 66 67 68 69 70 71 72 74 75 76 79 80 81 83 84 85 87 91 93 96 97 98 99 100 102 103 107 108 109 114 116 117 119 121 122 123 126 129 130 131 132 133 134 136 137 140 141 142 143 144 145 146 147 148 151 153 155 158 159 160 162 164 166 167 168 169 170 171 173 174 175 176 180 183 184 186 189 190 191 192 194 195 199 203 204 205 207 208 209 210 211 212 215 216 218 221 222 223 224 225 226 229 231 232 233 234 235 236 237 238 240 241 245 246 247 248 249 250 251 252 256 257 258 259 260 263 264 266 267 268 269 271 276 277 278 280 281 282 283 284 286 287 288 289 290 291 292 293 294 295 296 298 301 302 304 307 311 312 313 314 316 317 318 319 320 322 323 324 325 326 329 331 334 335 336 338 340 341 348 351 353 354 355 356 357 358 359 360 361 363 365 367 368 369 379 380 382 384 385 387 388 389 390 392 393 395 396 401 402 404 407 408 411 412 414 415 416 417 418 419 420 421 422 423 425 427 430 431 433 434 435 436 439 440 441 442 443 444 445 446 450 451 453 454 456 457 459 460 461 462 464 465 467 468 470 471 472 473 474 475 476 478 479 480 481 482 483 484 485 486 488 494 495 498 499 500 501 503 504 505 507 508 510 512 515 516 517 518 519 520 522 528 530 531 534 535 536 537 539 540 541 545 546 547 551 554 556 560 561 562 563 565 569 570 573 574 575 576 577 579 580 582 585 586 588 589 591 592 594 595 598 599 600 601 604 609 610 611 612 613 614 618 619 620 621 622 623 624 625 626 627 631 632 634 636 638 639 640 641 643 644 645 646 647 648
PSO	5	0	323	0.8539323333360398	25741	0 2 4 6 7 8 9 10 11 12 18 19 21 22 26 28 30 33 35 36 39 40 42 48 52 53 54 57 58 59 62 66 68 69 70 71 72 73 74 79 80 83 84 85 87 88 89 91 92 93 95 97 99 103 105 107 111 113 115 120 121 122 124 125 127 131 132 133 135 139 140 142 143 144 145 146 149 151 153 154 155 156 157 158 161 162 166 167 168 169 171 172 174 175 177 178 179 181 182 183 185 187 189 191 194 196 197 203 204 205 212 213 214 215 216 217 218 220 221 222 223 224 225 226 228 230 233 234 236 237 240 241 242 245 246 248 249 251 253 255 257 258 261 262 265 270 273 275 276 278 279 283 284 285 286 288 289 290 291 292 293 294 297 298 302 305 306 307 308 309 312 313 314 315 316 318 322 329 331 336 337 356 357 358 359 360 361 363 364 367 369 370 373 374 376 378 380 387 391 392 394 395 400 401 405 406 410 411 412 415 416 418 419 420 421 422 423 427 428 431 432 434 436 438 443 446 447 448 449 451 453 454 455 456 457 458 459 460 461 462 464 467 468 470 471 472 475 481 483 484 485 488 489 494 496 498 499 501 503 504 506 507 509 513 514 515 516 524 527 532 537 538 541 542 550 551 552 554 560 572 575 576 577 579 581 589 591 592 593 594 596 598 599 601 602 606 607 611 612 614 615 617 618 619 621 622 623 624 625 627 629 631 632 634 636 638 639 640 641 643 644 647 648
PSO	6	0	388	0.8508083603722708	29205	0 1 4 6 9 10 11 12 14 17 18 19 23 25 28 29 30 34 35 36 39 41 43 44 45 46 47 48 53 54 55 57 58 59 60 61 62 63 64 65 66 67 68 69 71 72 77 82 83 84 85 86 87 90 92 93 94 95 96 97 98 99 100 102 103 104 105 106 107 110 111 112 114 116 117 120 122 124 126 129 130 131 132 133 137 139 141 144 146 147 148 149 152 153 155 156 157 158 159 164 165 166 167 168 169 170 171 173 174 175 177 179 180 181 185 188 189 190 191 192 193 194 195 196 197 199 200 201 204 205 206 207 211 212 216 217 218 219 221 222 223 224 225 227 228 229 230 231 233 239 240 242 243 244 245 246 248 249 250 252 255 256 258 259 260 264 265 266 267 273 274 275 276 278 279 281 283 284 285 286 288 289 290 291 292 293 294 295 296 297 298 300 302 303 304 305 306 307 308 309 310 311 312 315 316 317 319 320 325 326 328 329 330 331 332 333 334 336 337 340 343 345 346 349 352 354 356 357 358 359 360 361 362 364 365 368 370 371 375 376 377 378 380 383 384 385 394 395 399 401 403 404 405 406 407 409 410 412 415 416 417 418 419 420 425 428 432 433 434 435 436 438 440 441 442 443 444 445 451 452 453 456 457 458 459 460 464 465 466 469 472 473 474 475 476 477 478 480 482 484 489 490 491 494 496 498 499 500 501 503 504 505 508 510 511 513 514 515 516 517 522 527 529 531 532 533 536 537 539 540 541 544 545 549 552 556 559 561 563 564 565 566 569 571 576 578 581 589 591 592 593 594 596 598 599 600 601 602 603 606 607 608 609 612 613 614 615 619 620 622 623 624 625 626 631 632 633 635 636 637 638 639 641 643 644 646 647 648
PSO	7	0	428	0.8397288134791896	24759	0 1 5 6 7 8 9 10 11 12 13 14 16 17 18 20 21 25 26 28 29 30 31 33 34 35 37 40 41 42 43 44 45 47 48 49 52 53 54 56 57 58 59 60 61 63 64 65 66 67 69 71 72 75 80 81 82 83 84 86 91 93 94 95 96 97 98 99 101 102 104 107 108 109 111 112 117 118 119 120 121 123 124 125 126 128 130 131 132 134 136 137 138 139 140 141 142 143 145 147 149 150 151 153 154 155 157 158 159 162 163 166 167 168 169 171 172 173 181 182 183 184 185 187 189 190 191 192 193 194 195 199 200 202 203 204 205 206 208 209 211 212 213 214 216 217 218 220 221 222 223 224 225 226 227 228 229 230 231 232 233 236 237 238 240 241 245 247 248 249 250 251 252 253 256 257 259 263 264 267 269 270 271 272 275 276 278 279 280 282 283 284 285 286 287 288 289 291 292 293 295 296 297 298 300 302 303 304 306 307 309 310 311 316 317 318 319 320 322 324 325 326 327 328 329 331 335 337 338 340 341 342 343 345 347 348 351 353 354 356 357 358 359 360 361 362 363 364 365 367 369 373 376 378 379 380 382 384 385 386 387 389 390 391 392 394 395 398 401 403 404 406 408 409 410 411 412 414 415 416 417 418 419 421 423 425 428 431 432 433 434 435 436 440 441 443 444 445 446 448 451 452 454 455 456 457 458 459 460 461 462 464 467 468 470 471 472 474 475 478 480 481 483 485 486 488 489 490 494 495 497 499 500 503 504 505 506 507 508 509 510 512 514 515 516 517 519 520 521 522 525 526 527 528 530 531 534 535 536 537 539 540 541 542 543 544 545 546 554 556 557 560 561 563 564 565 566 570 571 572 575 576 577 578 579 581 585 586 588 589 591 592 593 594 596 597 598 599 600 601 604 606 607 609 610 612 615 618 622 623 624 625 626 627 629 632 634 637 638 639 640 641 642 643 644 646 647 648
PSO	8	0	325	0.8440780489010931	24367	0 1 5 6 7 12 15 18 19 21 23 24 26 28 29 36 38 41 42 43 48 58 61 63 64 67 70 71 72 74 75 79 80 84 86 87 90 91 92 93 95 97 98 99 101 104 105 106 108 109 111 112 114 118 119 120 121 122 127 129 130 131 137 140 141 142 143 144 148 153 155 156 157 158 160 165 166 168 169 170 171 173 175 176 178 179 180 182 183 184 185 186 189 190 191 192 193 194 195 197 199 202 203 204 205 206 208 211 212 215 216 219 220 221 222 223 224 225 226 229 232 233 235 238 239 241 243 245 248 251 254 257 259 261 264 267 268 269 270 272 274 275 277 281 283 284 285 287 288 289 291 294 295 296 298 299 300 302 305 310 311 316 317 322 323 327 330 331 333 334 336 338 339 341 343 344 345 346 347 354 355 356 357 358 359 360 361 363 364 365 368 370 371 373 374 375 379 381 382 384 387 391 393 396 398 401 404 406 407 409 411 415 416 417 418 421 423 424 427 429 432 434 436 437 438 439 441 442 444 445 449 454 455 456 457 459 460 461 464 465 466 468 469 470 471 472 474 475 478 479 481 489 490 493 497 498 500 501 504 505 507 508 510 514 516 518 519 521 522 526 528 530 534 535 537 540 543 551 554 559 560 561 562 564 565 566 576 578 582 585 586 588 590 592 593 596 597 599 600 606 608 610 611 612 614 615 616 617 619 621 622 623 624 626 631 634 636 637 638 639 641 644 645 646 648
PSO	9	0	469	0.8410480178341572	27348	0 1 2 5 7 8 9 10 11 12 14 15 17 18 19 20 21 23 24 25 26 27 28 29 30 31 33 34 35 36 37 39 40 41 42 43 45 46 47 48 49 51 52 53 54 57 58 59 60 62 64 66 67 68 69 70 71 72 73 74 76 77 78 81 83 84 85 86 88 90 93 94 95 96 97 98 100 101 103 105 106 107 108 110 111 112 115 117 118 119 121 123 124 125 126 127 129 130 132 133 134 135 137 138 139 140 142 143 145 146 148 150 151 152 153 154 155 156 157 158 159 161 163 165 166 168 169 171 173 174 175 176 177 178 179 180 181 182 183 184 188 189 190 191 192 194 195 196 199 200 201 203 204 205 206 207 208 209 210 212 214 215 216 217 218 219 220 221 222 223 224 226 227 228 229 230 231 233 234 236 237 238 239 240 241 242 243 245 247 248 249 250 251 253 254 255 256 258 259 261 262 263 264 267 268 269 270 272 273 275 276 277 280 281 282 283 284 285 286 287 288 289 290 291 292 293 294 296 297 298 301 302 303 305 306 308 309 310 312 315 316 317 318 319 320 322 323 324 325 326 327 328 329 330 331 332 333 334 335 336 337 338 339 341 342 344 345 346 348 349 350 351 353 354 356 357 358 359 360 361 363 365 366 367 368 369 372 373 375 376 378 379 381 382 383 384 387 389 391 392 393 395 396 397 398 401 402 404 405 409 410 413 414 415 416 417 418 420 421 422 423 427 428 429 430 432 433 434 435 436 437 438 440 441 442 443 445 447 449 450 451 453 454 456 457 458 459 460 461 462 466 467 468 469 471 472 473 474 475 476 477 478 479 480 481 482 483 485 486 488 489 490 491 493 494 495 498 499 500 501 502 503 504 506 512 514 516 517 519 521 522 525 527 528 530 531 532 533 535 536 537 542 543 544 546 547 550 551 552 553 559 561 562 565 566 571 573 575 576 577 578 580 583 584 586 589 590 591 592 596 598 599 600 601 602 603 604 605 606 607 608 609 610 611 612 613 614 616 619 621 623 624 625 627 629 632 633 634 637 638 639 640 642 643 644 645 646 647 648
HC	0	0	92	0.9272771876433268	6845	0 9 12 14 18 35 36 41 48 52 54 64 67 71 83 84 85 87 93 98 105 107 108 111 118 121 131 132 137 141 180 192 205 212 216 217 218 221 222 223 224 226 227 229 230 284 285 288 289 291 292 293 294 296 297 301 302 306 316 317 356 357 358 359 360 361 363 375 409 415 418 419 420 423 444 457 468 475 489 490 495 499 504 515 551 575 576 593 600 623 625 646
HC	1	0	93	0.9255917747472522	6781	0 9 12 14 18 35 36 41 48 52 67 71 83 84 85 93 98 105 107 108 111 118 131 132 137 141 147 180 184 189 192 197 205 212 216 217 218 219 221 222 223 224 227 229 230 284 285 288 289 291 292 293 294 295 296 297 301 302 317 356 357 358 359 360 361 363 375 409 415 416 418 419 420 422 443 457 468 475 489 490 495 499 504 515 537 576 590 593 600 612 623 625 646
HC	2	0	88	0.9281610862348504	6241	0 9 12 14 18 35 36 41 48 52 64 67 80 83 84 87 93 98 105 107 108 111 118 127 131 132 137 141 145 180 192 205 216 217 218 221 222 223 224 227 229 230 284 285 288 289 290 291 292 293 294 295 296 297 302 306 316 317 318 356 357 358 359 360 361 363 408 415 417 418 419 457 458 468 475 489 495 499 504 515 537 575 576 593 600 625 632 646
HC	3	0	85	0.9237269829287531	6334	0 12 14 18 35 36 41 48 52 54 67 83 85 87 93 98 105 107 108 111 118 121 131 132 137 141 180 184 189 192 197 205 212 216 217 218 221 222 223 224 227 229 230 284 285 288 289 291 292 293 294 295 296 297 302 304 317 356 357 358 359 360 361 363 409 415 417 419 420 422 428 457 475 489 490 495 514 537 576 590 593 600 623 625 646
HC	4	0	89	0.9272129717344305	6344	0 9 12 14 18 33 35 36 41 48 52 64 67 71 80 83 85 87 93 98 105 107 108 111 118 120 131 132 137 141 145 180 192 197 205 216 217 218 221 222 223 224 227 229 230 284 285 288 289 291 292 293 294 295 296 297 302 305 316 317 356 357 358 359 360 361 364 408 415 416 418 419 443 457 468 475 489 490 499 504 515 551 576 590 593 600 623 625 646
HC	5	0	98	0.9276687008944312	10970	0 9 12 14 18 28 35 36 41 48 52 54 67 71 80 83 84 85 87 93 98 105 107 108 111 118 131 132 137 141 145 180 184 189 192 205 216 217 218 219 221 222 223 224 226 227 229 230 284 285 288 289 291 292 293 294 296 297 301 302 305 306 316 317 318 319 356 357 358 359 360 361 364 409 415 417 418 419 438 443 457 468 475 489 490 495 499 504 515 551 560 576 590 593 600 623 625 646
HC	6	0	94	0.9265095174123869	6929	0 7 12 18 34 35 36 41 48 52 64 67 74 80 83 84 85 87 93 98 105 107 108 111 118 131 132 137 141 169 180 189 192 197 212 216 217 218 221 222 223 224 227 229 230 284 285 288 289 291 292 293 294 295 296 297 302 306 316 317 356 357 358 359 360 361 363 409 415 417 418 419 420 423 443 457 468 475 480 490 499 504 514 515 537 551 576 590 593 600 623 625 639 646
HC	7	0	96	0.9267470710081843	6977	0 9 12 14 18 36 41 48 52 54 64 67 71 80 83 84 93 98 99 105 107 108 111 118 127 131 132 137 141 145 169 180 189 192 197 216 217 218 221 222 223 224 227 229 230 284 285 288 289 291 292 293 294 295 296 297 301 302 306 316 317 356 357 358 359 360 361 363 375 409 415 418 419 420 422 428 457 458 468 475 489 490 495 504 514 515 517 537 576 590 593 600 623 625 639 646
HC	8	0	93	0.9251201462741396	6700	0 7 12 14 18 35 36 41 48 52 64 67 73 83 84 85 87 93 98 105 107 108 111 118 121 131 132 137 141 145 180 189 192 197 212 216 217 218 221 222 223 224 226 227 229 230 284 285 288 289 291 292 293 294 295 296 297 301 302 306 316 317 318 356 357 358 359 360 361 363 409 415 418 419 420 428 438 457 468 475 489 490 495 499 515 551 576 590 593 600 623 625 646
HC	9	0	83	0.9273903333627612	6498	0 12 14 18 35 36 41 48 52 54 64 67 80 83 85 87 93 98 105 107 108 111 118 131 132 137 141 180 189 192 205 216 217 218 221 222 223 224 227 229 230 284 285 288 289 291 292 293 294 295 296 297 302 316 317 356 357 358 359 360 361 363 409 415 417 418 420 422 457 468 475 490 495 504 514 537 576 590 593 600 623 625 646
HS	0	0	88	0.9226048262106338	37562	0 9 12 18 34 35 36 41 42 48 52 54 64 67 71 83 85 87 93 98 107 108 111 120 129 132 137 153 180 192 205 212 216 217 218 219 221 222 223 224 225 227 229 230 284 288 289 291 292 293 294 295 296 297 301 302 316 356 357 358 359 360 361 365 408 415 418 419 420 438 443 457 468 475 490 493 504 514 530 536 575 576 592 594 600 625 632 646
HS	1	0	90	0.9228826644727083	35146	0 9 12 14 18 35 36 41 48 52 67 79 80 83 84 93 98 99 105 107 108 109 111 118 120 132 133 137 180 184 189 191 192 205 216 217 218 221 222 223 224 226 227 229 230 284 285 288 289 291 292 293 294 295 296 297 301 302 306 317 356 357 358 359 360 361 364 409 415 417 418 420 443 453 457 476 489 490 499 515 552 560 576 590 593 599 601 623 639 646
HS	2	0	97	0.9253875607064875	32583	0 7 9 12 14 18 34 35 36 41 42 48 52 67 71 80 83 84 93 98 107 108 109 111 117 124 131 132 137 141 147 153 157 180 192 197 205 216 217 218 221 222 223 224 226 227 229 230 284 285 288 289 290 291 292 293 294 295 296 297 301 302 305 306 316 317 318 356 357 358 359 360 361 363 409 415 418 419 420 443 453 457 475 489 495 504 513 515 536 575 576 578 600 623 625 644 646
HS	3	0	87	0.9211478203417105	36455	0 9 12 14 18 36 41 48 52 67 83 87 93 98 105 108 112 120 121 132 143 145 157 166 180 183 189 191 192 197 205 212 216 217 218 221 222 223 224 229 230 284 285 288 289 291 292 293 294 296 297 301 302 304 305 317 356 357 358 359 360 361 378 409 415 418 419 420 457 458 468 475 490 495 499 504 515 530 537 576 590 592 594 600 623 625 646
HS	4	0	80	0.9233774139132248	35559	0 9 12 14 18 35 36 48 52 67 71 74 80 83 93 107 108 111 112 118 120 131 132 135 153 180 189 192 197 205 216 217 218 221 222 223 224 227 229 230 288 289 291 292 294 295 296 302 305 311 316 317 356 357 358 359 360 361 377 415 416 418 423 435 453 457 458 475 490 499 504 515 551 575 591 593 594 600 623 646
HS	5	0	90	0.9242678059307318	35317	0 7 9 12 14 18 35 36 48 52 54 67 80 83 84 93 98 101 105 107 111 127 131 132 141 145 148 173 180 184 192 205 207 216 217 218 219 221 222 223 224 227 229 230 284 286 288 289 291 292 293 294 295 296 301 302 306 316 317 319 322 356 357 358 359 360 361 364 409 415 417 418 420 443 457 468 475 489 490 495 499 514 517 537 576 577 600 623 639 646
HS	6	0	85	0.9249238361901265	36519	0 12 18 35 36 41 42 48 52 54 67 73 83 84 87 93 98 107 108 111 118 131 132 137 141 145 153 169 180 184 189 192 197 216 217 218 221 222 223 224 227 229 230 285 288 289 291 292 293 294 295 296 301 302 316 317 356 357 358 359 360 361 378 409 415 417 419 428 435 438 457 475 489 490 504 515 537 551 576 590 593 600 623 625 646
HS	7	0	84	0.9231711853753153	38068	0 12 14 18 28 33 36 41 48 54 67 71 83 93 98 99 101 107 108 111 112 118 120 131 132 145 153 157 180 189 192 216 217 218 221 222 223 227 229 230 284 285 288 289 291 292 293 294 295 296 302 306 316 317 356 357 358 359 360 361 363 415 417 419 422 428 434 457 458 475 489 490 495 504 514 516 551 576 591 594 600 623 625 646
HS	8	0	92	0.92144572483327	36891	0 7 12 18 35 36 41 48 52 65 67 74 83 84 85 87 93 98 105 107 108 111 118 121 124 129 131 132 145 157 180 189 192 216 217 218 219 221 222 223 224 226 227 229 230 285 288 289 290 291 292 293 294 295 296 302 306 316 317 356 357 358 359 360 361 377 410 416 418 419 420 422 428 457 458 475 480 490 499 510 514 517 537 551 576 591 593 599 601 623 625 646
HS	9	0	101	0.9257196099764815	33801	0 12 14 18 34 35 36 41 48 52 67 71 80 83 84 85 93 98 105 107 111 117 118 121 127 131 132 141 145 147 173 180 184 189 192 197 205 216 217 218 221 222 223 224 226 227 229 230 284 285 286 288 289 291 292 293 294 295 296 297 302 305 306 316 317 318 356 357 358 359 360 361 377 408 415 417 418 419 420 428 438 446 457 458 468 475 490 495 499 503 514 537 560 577 590 594 600 612 625 639 646
