Data Set	handwritten	
CFS	Feature	Instance	CFS Merit	CFS Size	C4.5	NN	NB	Merit	Size	C4.5	NN	NB	C4.5	NN	NB	
	257	286	0.15029503255393972	126.3	0.675	0.84375	0.8125	0.06140575356183828	256	0.65625	0.825	0.79375	0.65625	0.825	0.79375	
I + 59 	257	345	0.17907075138894632	126.3	0.65625	0.8625	0.80625	
	257	345	0.27068588313024244	130.85	0.625	0.84375	0.80625	0.08500754950719422	256	0.66875	0.83125	0.8	0.66875	0.83125	0.8	
I + 34 	257	379	0.3022725050251406	130.85	0.68125	0.85625	0.80625	
	257	379	0.3617700339686479	132.8	0.70625	0.85625	0.80625	0.09649890775693637	256	0.61875	0.8375	0.8125	0.61875	0.8375	0.8125	
I + 50 	257	429	0.33543420359807163	132.8	0.73125	0.85625	0.80625	
	257	429	0.4089697351947854	135.65	0.7375	0.85	0.80625	0.10251548472892873	256	0.64375	0.83125	0.8125	0.64375	0.83125	0.8125	
I + 40 	257	469	0.39328125766380173	135.65	0.75	0.85	0.825	
	257	469	0.4676847591210219	136.15	0.74375	0.85	0.84375	0.10970959298218147	256	0.65	0.8375	0.83125	0.65	0.8375	0.83125	
I + 43 	257	512	0.4491866123674978	136.15	0.73125	0.85	0.8375	
	257	512	0.4616742086728259	137.55	0.71875	0.85625	0.83125	0.11394465259038028	256	0.68125	0.8375	0.8125	0.68125	0.8375	0.8125	
I + 63 	257	575	0.4660357021360621	137.55	0.74375	0.85625	0.85	
	257	575	0.4700785320994611	138.05	0.7625	0.85625	0.85	0.12181136011590624	256	0.68125	0.8375	0.825	0.68125	0.8375	0.825	
I + 34 	257	609	0.461352457162867	138.05	0.7875	0.86875	0.85	
	257	609	0.47076555751359433	138.0	0.8	0.88125	0.85	0.13034544220907962	256	0.725	0.8375	0.83125	0.725	0.8375	0.83125	
I + 65 	257	674	0.4674577925512186	138.0	0.79375	0.9	0.84375	
	257	674	0.4784558022651798	137.65	0.7625	0.89375	0.8375	0.14137319880632898	256	0.6875	0.85	0.83125	0.6875	0.85	0.83125	
I + 43 	257	717	0.4587183471660149	137.65	0.8	0.89375	0.85	
	257	717	0.47289692131627425	138.85	0.79375	0.89375	0.85625	0.16095852729046367	256	0.66875	0.85625	0.825	0.66875	0.85625	0.825	
I + 36 	257	753	0.4659614350765356	138.85	0.79375	0.8875	0.8625	
	257	753	0.4817953755428873	138.8	0.8	0.89375	0.85625	0.16978191083639513	256	0.69375	0.85	0.83125	0.69375	0.85	0.83125	
I + 41 	257	794	0.4478000500318725	138.8	0.7875	0.90625	0.84375	
	257	794	0.47761582427654525	138.4	0.8	0.89375	0.84375	0.1778526162906918	256	0.725	0.85	0.8375	0.725	0.85	0.8375	
I + 73 	257	867	0.4671072466943196	138.4	0.8	0.89375	0.84375	
	257	867	0.4825998654244623	140.25	0.76875	0.9	0.8375	0.19211187114182385	256	0.6875	0.85625	0.83125	0.6875	0.85625	0.83125	
I + 67 	257	934	0.42636735784950286	140.25	0.7875	0.8875	0.84375	
	257	934	0.4795261929261293	138.15	0.79375	0.9	0.8625	0.2000770308975995	256	0.68125	0.85	0.825	0.68125	0.85	0.825	
I + 75 	257	1009	0.460720876100048	138.15	0.7875	0.89375	0.8625	
	257	1009	0.47515824346001656	139.55	0.8125	0.89375	0.85625	0.21084080143566014	256	0.6875	0.85625	0.8375	0.6875	0.85625	0.8375	
I + 54 	257	1063	0.4603906496983611	139.55	0.825	0.89375	0.8625	
	257	1063	0.4786130435173579	138.95	0.80625	0.9	0.86875	0.2274732736786619	256	0.68125	0.85625	0.83125	0.68125	0.85625	0.83125	
I + 54 	257	1117	0.4633101107807617	138.95	0.80625	0.9	0.86875	
	257	1117	0.4804583106294584	138.5	0.8	0.8875	0.88125	0.23842258833325974	256	0.70625	0.8625	0.8625	0.70625	0.8625	0.8625	
I + 94 	257	1211	0.4621380867699011	138.5	0.80625	0.8875	0.875	
	257	1211	0.4817072886597959	136.85	0.85	0.89375	0.8625	0.2597030158160314	256	0.76875	0.8625	0.84375	0.76875	0.8625	0.84375	
I + 77 	257	1288	0.45795409774245865	136.85	0.85	0.8875	0.8625	
	257	1288	0.47402101008822617	136.9	0.81875	0.88125	0.85625	0.2565355476062872	256	0.775	0.8625	0.84375	0.775	0.8625	0.84375	
I + 132 	257	1420	0.456149016927037	136.9	0.8625	0.8875	0.8625	
	257	1420	0.4763112209477793	137.15	0.8125	0.89375	0.86875	0.27231069714955014	256	0.7625	0.86875	0.8375	0.7625	0.86875	0.8375	

Data Set	handwritten	
PCFS	Feature	Instance	PCFS Merit	PCFS Size	C4.5	NN	NB	Merit	Size	C4.5	NN	NB	C4.5	NN	NB	
	257	286	1.0	112.75	0.75625	0.83125	0.79375	1.0	15	0.4875	0.5625	0.575	0.65625	0.825	0.79375	
I + 59 	257	345	1.0	112.75	0.80625	0.84375	0.80625	
	257	345	1.0	109.1	0.8375	0.83125	0.8125	1.0	15	0.58125	0.58125	0.675	0.66875	0.83125	0.8	
I + 34 	257	379	1.0	109.1	0.79375	0.84375	0.81875	
	257	379	1.0	104.8	0.8	0.84375	0.7875	1.0	15	0.625	0.63125	0.6375	0.61875	0.8375	0.8125	
I + 50 	257	429	1.0	104.8	0.81875	0.83125	0.8125	
	257	429	1.0	102.15	0.825	0.8375	0.80625	1.0	15	0.59375	0.59375	0.68125	0.64375	0.83125	0.8125	
I + 40 	257	469	1.0	102.15	0.8125	0.83125	0.825	
	257	469	1.0	100.3	0.83125	0.8125	0.81875	1.0	15	0.64375	0.6375	0.68125	0.65	0.8375	0.83125	
I + 43 	257	512	1.0	100.3	0.81875	0.80625	0.80625	
	257	512	1.0	99.35	0.86875	0.8375	0.825	1.0	17	0.55625	0.53125	0.60625	0.68125	0.8375	0.8125	
I + 63 	257	575	1.0	99.35	0.85625	0.85	0.825	
	257	575	1.0	98.2	0.84375	0.85625	0.81875	1.0	16	0.58125	0.6375	0.65625	0.68125	0.8375	0.825	
I + 34 	257	609	1.0	98.2	0.85	0.85	0.8125	
	257	609	1.0	97.65	0.86875	0.84375	0.81875	1.0	16	0.59375	0.65	0.65625	0.725	0.8375	0.83125	
I + 65 	257	674	1.0	97.65	0.88125	0.8625	0.83125	
	257	674	1.0	96.65	0.88125	0.875	0.81875	1.0	16	0.7125	0.64375	0.7375	0.6875	0.85	0.83125	
I + 43 	257	717	1.0	96.65	0.8875	0.88125	0.84375	
	257	717	1.0	95.4	0.86875	0.85625	0.83125	1.0	16	0.71875	0.625	0.71875	0.66875	0.85625	0.825	
I + 36 	257	753	1.0	95.4	0.85	0.85	0.83125	
	257	753	1.0	94.9	0.88125	0.86875	0.825	1.0	16	0.6625	0.6625	0.6875	0.69375	0.85	0.83125	
I + 41 	257	794	1.0	94.9	0.85625	0.86875	0.8125	
	257	794	1.0	94.25	0.875	0.86875	0.825	1.0	17	0.69375	0.65625	0.68125	0.725	0.85	0.8375	
I + 73 	257	867	1.0	94.25	0.8875	0.875	0.80625	
	257	867	1.0	93.7	0.84375	0.88125	0.83125	1.0	17	0.6375	0.6375	0.69375	0.6875	0.85625	0.83125	
I + 67 	257	934	1.0	93.7	0.85	0.875	0.81875	
	257	934	1.0	92.75	0.89375	0.85625	0.81875	1.0	17	0.64375	0.64375	0.7125	0.68125	0.85	0.825	
I + 75 	257	1009	1.0	92.75	0.88125	0.8625	0.81875	
	257	1009	1.0	92.0	0.90625	0.8875	0.825	1.0	17	0.7375	0.60625	0.7375	0.6875	0.85625	0.8375	
I + 54 	257	1063	1.0	92.0	0.875	0.89375	0.8125	
	257	1063	1.0	91.0	0.88125	0.8625	0.83125	1.0	18	0.68125	0.675	0.7125	0.68125	0.85625	0.83125	
I + 54 	257	1117	1.0	91.0	0.875	0.86875	0.84375	
	257	1117	1.0	90.55	0.8875	0.85625	0.81875	1.0	18	0.68125	0.66875	0.7125	0.70625	0.8625	0.8625	
I + 94 	257	1211	1.0	90.55	0.89375	0.85	0.81875	
	257	1211	1.0	89.95	0.9	0.86875	0.81875	1.0	19	0.7	0.64375	0.6375	0.76875	0.8625	0.84375	
I + 77 	257	1288	1.0	89.95	0.9	0.8625	0.825	
	257	1288	1.0	89.55	0.8875	0.8625	0.8125	1.0	19	0.725	0.71875	0.68125	0.775	0.8625	0.84375	
I + 132 	257	1420	1.0	89.55	0.9	0.875	0.825	
	257	1420	1.0	89.0	0.88125	0.8625	0.83125	1.0	18	0.69375	0.70625	0.73125	0.7625	0.86875	0.8375	
