Data Set	handwritten	
CFS	Feature	Instance	CFS Merit	CFS Size	C4.5	NN	NB	Merit	Size	C4.5	NN	NB	C4.5	NN	NB	
	257	1433	0.4737857757867891	140.15	0.81875	0.9	0.88125	0.2727538427771825	256	0.7625	0.86875	0.8375	0.7625	0.86875	0.8375	
F - 10 	247	1433	0.47181775973958784	134.65	0.80625	0.89375	0.8625	
	247	1433	0.4770876229115616	133.7	0.825	0.90625	0.8625	0.28557507549935973	246	0.73125	0.88125	0.85	0.73125	0.88125	0.85	
F - 11 	236	1433	0.4750069408986377	128.45	0.825	0.9	0.8625	
	236	1433	0.4780731482724653	126.45	0.80625	0.9	0.8625	0.2828673450587885	235	0.725	0.875	0.85	0.725	0.875	0.85	
F - 6 	230	1433	0.4782161159360112	122.9	0.8125	0.89375	0.85625	
	230	1433	0.4803244660205571	123.05	0.8125	0.89375	0.8625	0.28187641467603697	229	0.75	0.8625	0.85625	0.75	0.8625	0.85625	
F - 11 	219	1433	0.47610145866672643	116.95	0.80625	0.9	0.8625	
	219	1433	0.4783222632351962	117.45	0.80625	0.8875	0.86875	0.2765007400512826	218	0.73125	0.8625	0.8375	0.73125	0.8625	0.8375	
F - 10 	209	1433	0.47660380148816384	112.75	0.80625	0.88125	0.875	
	209	1433	0.47898996266668004	113.75	0.7875	0.89375	0.8625	0.2949753448088743	208	0.7375	0.85625	0.85	0.7375	0.85625	0.85	
F - 8 	201	1433	0.47911009745854527	110.0	0.78125	0.8875	0.8625	
	201	1433	0.4805097174912313	108.75	0.81875	0.88125	0.8625	0.29315814793183725	200	0.7625	0.8625	0.85	0.7625	0.8625	0.85	
F - 11 	190	1433	0.4821239791462798	104.5	0.8	0.8875	0.86875	
	190	1433	0.4834848083945933	103.9	0.8125	0.9	0.85625	0.2914194350799127	189	0.75625	0.8625	0.84375	0.75625	0.8625	0.84375	
F - 11 	179	1433	0.48496603326977156	99.4	0.8375	0.9125	0.85625	
	179	1433	0.4861994729105528	100.25	0.84375	0.90625	0.85625	0.31724926985171154	178	0.79375	0.85625	0.825	0.79375	0.85625	0.825	
F - 9 	170	1433	0.4855894808169895	95.95	0.80625	0.89375	0.85625	
	170	1433	0.48683254373372	95.45	0.8125	0.9	0.8625	0.31561202005836425	169	0.725	0.85625	0.825	0.725	0.85625	0.825	
F - 12 	158	1433	0.47589083695083356	87.8	0.79375	0.8875	0.8625	
	158	1433	0.4778763355493578	88.5	0.7875	0.86875	0.85625	0.302716543345223	157	0.71875	0.85	0.83125	0.71875	0.85	0.83125	
F - 10 	148	1433	0.4684378369448415	82.3	0.83125	0.86875	0.85625	
	148	1433	0.4704070192371841	84.85	0.81875	0.88125	0.85	0.29412617012058445	147	0.74375	0.85	0.83125	0.74375	0.85	0.83125	
F - 9 	139	1433	0.47130541830754913	80.35	0.825	0.86875	0.8375	
	139	1433	0.4721822259701889	81.5	0.8125	0.8625	0.84375	0.2931418511200864	138	0.74375	0.8375	0.84375	0.74375	0.8375	0.84375	
F - 11 	128	1433	0.47168914809222784	75.1	0.81875	0.8875	0.85	
	128	1433	0.47347709909535285	74.75	0.80625	0.8875	0.85625	0.2891273742355774	127	0.74375	0.85625	0.825	0.74375	0.85625	0.825	
F - 17 	111	1433	0.45644804790604354	65.9	0.81875	0.85625	0.8125	
	111	1433	0.459346533580522	68.0	0.825	0.86875	0.8	0.31952717503238326	110	0.7875	0.8625	0.7875	0.7875	0.8625	0.7875	
F - 20 	91	1433	0.43306285077396217	55.9	0.79375	0.8375	0.75	
	91	1433	0.43689861516763767	59.95	0.79375	0.84375	0.775	0.29920884342182535	90	0.7875	0.81875	0.775	0.7875	0.81875	0.775	
F - 12 	79	1433	0.40766138946524644	49.6	0.73125	0.825	0.75625	
	79	1433	0.4088392502069037	48.6	0.73125	0.8	0.75	0.2738416117179414	78	0.7125	0.8	0.78125	0.7125	0.8	0.78125	
F - 24 	55	1433	0.37189649606673275	34.15	0.69375	0.775	0.725	
	55	1433	0.38044776572702294	36.15	0.68125	0.76875	0.725	0.3214095522343756	54	0.675	0.7625	0.7125	0.675	0.7625	0.7125	
F - 23 	51	1433	0.3687292668650551	34.05	0.7125	0.75625	0.74375	
	51	1433	0.37036906065618497	34.75	0.725	0.76875	0.74375	0.31336631558701555	50	0.64375	0.75625	0.74375	0.64375	0.75625	0.74375	
F - 25 	51	1433	0.37036906065618497	34.75	0.71875	0.76875	0.74375	
	51	1433	0.3704765084162641	35.4	0.7125	0.775	0.7375	0.31336631558701555	50	0.64375	0.75625	0.74375	0.64375	0.75625	0.74375	

Data Set	handwritten	
PCFS	Feature	Instance	PCFS Merit	PCFS Size	C4.5	NN	NB	Merit	Size	C4.5	NN	NB	C4.5	NN	NB	
	257	1433	1.0	113.35	0.9	0.85625	0.8375	1.0	18	0.7375	0.69375	0.74375	0.7625	0.86875	0.8375	
F - 10 	247	1433	1.0	109.35	0.89375	0.88125	0.85	
	247	1433	1.0	104.15	0.88125	0.8875	0.84375	1.0	18	0.7375	0.69375	0.74375	0.73125	0.88125	0.85	
F - 11 	236	1433	1.0	99.6	0.89375	0.86875	0.85	
	236	1433	1.0	97.05	0.8875	0.89375	0.83125	1.0	18	0.7375	0.69375	0.74375	0.725	0.875	0.85	
F - 6 	230	1433	1.0	94.8	0.9	0.89375	0.8375	
	230	1433	1.0	93.2	0.89375	0.9	0.8375	1.0	18	0.7375	0.69375	0.74375	0.75	0.8625	0.85625	
F - 11 	219	1433	1.0	88.15	0.90625	0.875	0.8375	
	219	1433	1.0	87.4	0.86875	0.875	0.825	1.0	18	0.7375	0.69375	0.74375	0.73125	0.8625	0.8375	
F - 10 	209	1433	1.0	83.05	0.86875	0.875	0.825	
	209	1433	1.0	81.8	0.9	0.875	0.83125	1.0	18	0.7375	0.69375	0.74375	0.7375	0.85625	0.85	
F - 8 	201	1433	1.0	78.95	0.89375	0.86875	0.84375	
	201	1433	1.0	78.25	0.8875	0.875	0.84375	1.0	19	0.775	0.70625	0.7375	0.7625	0.8625	0.85	
F - 11 	190	1433	1.0	73.95	0.9	0.875	0.85	
	190	1433	1.0	72.65	0.90625	0.875	0.825	1.0	18	0.70625	0.68125	0.69375	0.75625	0.8625	0.84375	
F - 11 	179	1433	1.0	68.0	0.9	0.8875	0.81875	
	179	1433	1.0	67.2	0.8875	0.8875	0.81875	1.0	18	0.70625	0.68125	0.69375	0.79375	0.85625	0.825	
F - 9 	170	1433	1.0	63.6	0.925	0.875	0.825	
	170	1433	1.0	62.75	0.9	0.86875	0.84375	1.0	18	0.70625	0.64375	0.70625	0.725	0.85625	0.825	
F - 12 	158	1433	1.0	57.95	0.925	0.8625	0.83125	
	158	1433	1.0	57.6	0.9125	0.85625	0.81875	1.0	19	0.6625	0.66875	0.6875	0.71875	0.85	0.83125	
F - 10 	148	1433	1.0	53.6	0.90625	0.8625	0.83125	
	148	1433	1.0	53.3	0.9	0.8625	0.83125	1.0	19	0.6625	0.66875	0.6875	0.74375	0.85	0.83125	
F - 9 	139	1433	1.0	50.25	0.8875	0.8875	0.83125	
	139	1433	1.0	49.55	0.86875	0.8875	0.8375	1.0	19	0.71875	0.7	0.7	0.74375	0.8375	0.84375	
F - 11 	128	1433	1.0	45.75	0.86875	0.88125	0.8	
	128	1433	1.0	44.6	0.89375	0.89375	0.81875	1.0	18	0.69375	0.625	0.71875	0.74375	0.85625	0.825	
F - 17 	111	1433	0.999930216329379	39.05	0.88125	0.85625	0.775	
	111	1433	1.0	38.3	0.875	0.8625	0.8	1.0	19	0.69375	0.6375	0.675	0.7875	0.8625	0.7875	
F - 20 	91	1433	0.9987438939288209	31.3	0.85625	0.85	0.78125	
	91	1433	1.0	31.95	0.85	0.8625	0.7875	1.0	20	0.675	0.725	0.66875	0.7875	0.81875	0.775	
F - 12 	79	1433	0.9966852756454989	27.0	0.85625	0.85625	0.7375	
	79	1433	1.0	30.4	0.85625	0.8625	0.74375	1.0	20	0.65625	0.7125	0.68125	0.7125	0.8	0.78125	
F - 24 	55	1433	0.9777390090718772	20.95	0.78125	0.79375	0.69375	
	55	1433	1.0	29.75	0.775	0.80625	0.75	1.0	21	0.6375	0.70625	0.64375	0.675	0.7625	0.7125	
F - 23 	51	1433	0.9997557571528262	27.9	0.7875	0.80625	0.7625	
	51	1433	1.0	28.9	0.7875	0.80625	0.74375	1.0	21	0.6375	0.70625	0.64375	0.64375	0.75625	0.74375	
F - 25 	51	1433	1.0	28.9	0.79375	0.81875	0.74375	
	51	1433	1.0	28.9	0.79375	0.8125	0.74375	1.0	21	0.6375	0.70625	0.64375	0.64375	0.75625	0.74375	
