Data Set	handwritten	
CFS	Feature	Instance	CFS Merit	CFS Size	C4.5	NN	NB	Merit	Size	C4.5	NN	NB	C4.5	NN	NB	
	52	1433	0.37616304727129635	26.75	0.6625	0.71875	0.70625	0.2374167005568326	51	0.68125	0.7625	0.8	0.68125	0.7625	0.8	
F + 5 	57	1433	0.37616304727129635	26.75	0.65625	0.725	0.70625	
	57	1433	0.3798218761221857	27.4	0.65625	0.74375	0.7125	0.34696577791009175	52	0.73125	0.725	0.78125	0.74375	0.75625	0.78125	
F + 8 	65	1433	0.3798218761221857	27.4	0.65625	0.74375	0.7125	
	65	1433	0.39645200599578223	32.3	0.71875	0.75625	0.79375	0.3810732911037132	52	0.7125	0.71875	0.775	0.7375	0.75625	0.825	
F + 7 	72	1433	0.39645200599578223	32.3	0.71875	0.75625	0.79375	
	72	1433	0.40668170116814445	33.35	0.79375	0.78125	0.79375	0.39463470279047685	52	0.70625	0.79375	0.7875	0.70625	0.7875	0.80625	
F + 6 	78	1433	0.40668170116814445	33.35	0.79375	0.78125	0.79375	
	78	1433	0.4265615802349029	34.2	0.7875	0.775	0.825	0.4141154162860804	52	0.73125	0.76875	0.8125	0.69375	0.775	0.83125	
F + 6 	84	1433	0.4265615802349029	34.2	0.7875	0.775	0.81875	
	84	1433	0.4284929647006561	34.7	0.78125	0.78125	0.8125	0.41989349380443985	52	0.7375	0.775	0.8125	0.7125	0.775	0.83125	
F + 7 	91	1433	0.4284929647006561	34.7	0.775	0.78125	0.8125	
	91	1433	0.43457054998462663	36.6	0.80625	0.7875	0.825	0.4327411266471789	52	0.74375	0.7625	0.8375	0.75625	0.7875	0.8375	
F + 8 	99	1433	0.43457054998462663	36.6	0.80625	0.78125	0.83125	
	99	1433	0.4506541263019863	39.35	0.80625	0.8	0.81875	0.4563435861542113	52	0.74375	0.775	0.8375	0.74375	0.80625	0.84375	
F + 6 	105	1433	0.4506541263019863	39.35	0.80625	0.8	0.81875	
	105	1433	0.4585666329984049	41.9	0.7875	0.81875	0.825	0.4680067828129957	52	0.75	0.80625	0.85	0.75	0.8	0.85	
F + 8 	113	1433	0.4585666329984049	41.9	0.79375	0.81875	0.83125	
	113	1433	0.46183261008594945	42.55	0.8125	0.8375	0.8375	0.4705266539372448	52	0.73125	0.81875	0.84375	0.6875	0.8	0.85625	
F + 7 	120	1433	0.46183261008594945	42.55	0.81875	0.8375	0.8375	
	120	1433	0.46616275719082856	42.95	0.84375	0.84375	0.81875	0.475865891987551	52	0.75	0.7875	0.825	0.71875	0.79375	0.85	
F + 11 	131	1433	0.46616275719082856	42.95	0.8375	0.8375	0.8125	
	131	1433	0.46996401766958484	44.6	0.83125	0.8375	0.83125	0.48094209019359047	52	0.7625	0.81875	0.83125	0.76875	0.8125	0.8375	
F + 7 	138	1433	0.46996401766958484	44.6	0.825	0.84375	0.83125	
	138	1433	0.47947209861595663	44.5	0.80625	0.84375	0.83125	0.4921950762629554	52	0.75	0.7875	0.8125	0.7125	0.85	0.85	
F + 14 	152	1433	0.47947209861595663	44.5	0.8	0.8375	0.825	
	152	1433	0.48193543795544497	45.15	0.8375	0.8125	0.81875	0.49709650990220877	52	0.75	0.8	0.825	0.7625	0.84375	0.8375	
F + 13 	165	1433	0.48193543795544497	45.15	0.8375	0.8125	0.81875	
	165	1433	0.4854351042397459	46.55	0.84375	0.80625	0.81875	0.4977439007560344	52	0.725	0.825	0.80625	0.73125	0.83125	0.85	
F + 12 	177	1433	0.4854351042397459	46.55	0.8375	0.825	0.825	
	177	1433	0.48801473771812615	47.25	0.84375	0.8125	0.825	0.49795141254887637	52	0.74375	0.8125	0.8125	0.7125	0.84375	0.85	
F + 12 	189	1433	0.48801473771812615	47.25	0.85	0.8125	0.825	
	189	1433	0.492076104500628	47.35	0.85	0.85	0.81875	0.5073549559674276	52	0.75625	0.84375	0.8125	0.71875	0.85625	0.84375	
F + 14 	203	1433	0.492076104500628	47.35	0.85	0.85625	0.8125	
	203	1433	0.4958809314157689	47.45	0.88125	0.85	0.83125	0.5089988836875053	52	0.73125	0.84375	0.80625	0.75	0.8625	0.84375	
F + 17 	220	1433	0.4958809314157689	47.45	0.875	0.84375	0.83125	
	220	1433	0.49872810977564297	47.95	0.86875	0.8625	0.83125	0.5111768062590553	52	0.7375	0.8375	0.8	0.73125	0.85625	0.83125	
F + 22 	242	1433	0.49872810977564297	47.95	0.875	0.8625	0.83125	
	242	1433	0.5003169477128118	48.6	0.84375	0.85625	0.80625	0.5134199054046187	52	0.75	0.8	0.83125	0.75	0.875	0.83125	

Data Set	handwritten	
PCFS	Feature	Instance	PCFS Merit	PCFS Size	C4.5	NN	NB	Merit	Size	C4.5	NN	NB	C4.5	NN	NB	
	52	1433	1.0	23.05	0.825	0.79375	0.75625	1.0	21	0.65	0.69375	0.69375	0.68125	0.7625	0.8	
F + 5 	57	1433	1.0	23.05	0.825	0.8	0.7625	
	57	1433	1.0	22.55	0.81875	0.8	0.75	1.0	21	0.675	0.7125	0.71875	0.74375	0.75625	0.78125	
F + 8 	65	1433	1.0	22.55	0.81875	0.79375	0.75625	
	65	1433	1.0	22.25	0.825	0.775	0.76875	1.0	21	0.725	0.73125	0.75	0.7375	0.75625	0.825	
F + 7 	72	1433	1.0	22.25	0.83125	0.775	0.76875	
	72	1433	1.0	22.05	0.8125	0.7875	0.74375	1.0	20	0.725	0.68125	0.6875	0.70625	0.7875	0.80625	
F + 6 	78	1433	1.0	22.05	0.8125	0.79375	0.74375	
	78	1433	1.0	21.95	0.80625	0.80625	0.76875	1.0	20	0.69375	0.675	0.7125	0.69375	0.775	0.83125	
F + 6 	84	1433	1.0	21.95	0.80625	0.79375	0.775	
	84	1433	1.0	21.8	0.80625	0.7875	0.75625	1.0	20	0.65	0.6625	0.7125	0.7125	0.775	0.83125	
F + 7 	91	1433	1.0	21.8	0.80625	0.8	0.75625	
	91	1433	1.0	21.75	0.83125	0.8125	0.75	1.0	20	0.625	0.725	0.725	0.75625	0.7875	0.8375	
F + 8 	99	1433	1.0	21.75	0.825	0.80625	0.75	
	99	1433	1.0	21.7	0.83125	0.825	0.74375	1.0	20	0.7	0.6875	0.7125	0.74375	0.80625	0.84375	
F + 6 	105	1433	1.0	21.7	0.8375	0.8125	0.7625	
	105	1433	1.0	21.65	0.81875	0.7875	0.75	1.0	20	0.7	0.6875	0.7125	0.75	0.8	0.85	
F + 8 	113	1433	1.0	21.65	0.81875	0.7875	0.74375	
	113	1433	1.0	21.5	0.825	0.8125	0.74375	1.0	20	0.7	0.6875	0.7125	0.6875	0.8	0.85625	
F + 7 	120	1433	1.0	21.5	0.825	0.80625	0.75625	
	120	1433	1.0	21.5	0.8125	0.8	0.7375	1.0	20	0.7	0.6875	0.7125	0.71875	0.79375	0.85	
F + 11 	131	1433	1.0	21.5	0.80625	0.80625	0.74375	
	131	1433	1.0	21.45	0.8375	0.8125	0.75	1.0	20	0.68125	0.71875	0.75	0.76875	0.8125	0.8375	
F + 7 	138	1433	1.0	21.45	0.83125	0.8125	0.74375	
	138	1433	1.0	21.45	0.83125	0.8	0.75	1.0	19	0.66875	0.68125	0.6625	0.7125	0.85	0.85	
F + 14 	152	1433	1.0	21.45	0.83125	0.79375	0.74375	
	152	1433	1.0	21.4	0.85	0.8	0.75625	1.0	19	0.65625	0.6875	0.725	0.7625	0.84375	0.8375	
F + 13 	165	1433	1.0	21.4	0.825	0.8	0.75625	
	165	1433	1.0	21.4	0.84375	0.8	0.75625	1.0	19	0.725	0.725	0.725	0.73125	0.83125	0.85	
F + 12 	177	1433	1.0	21.4	0.8375	0.79375	0.75625	
	177	1433	1.0	21.4	0.83125	0.79375	0.7625	1.0	19	0.7375	0.73125	0.73125	0.7125	0.84375	0.85	
F + 12 	189	1433	1.0	21.4	0.83125	0.79375	0.7625	
	189	1433	1.0	21.35	0.81875	0.8	0.75625	1.0	19	0.675	0.66875	0.675	0.71875	0.85625	0.84375	
F + 14 	203	1433	1.0	21.35	0.81875	0.79375	0.75625	
	203	1433	1.0	21.35	0.79375	0.80625	0.75	1.0	19	0.675	0.66875	0.675	0.75	0.8625	0.84375	
F + 17 	220	1433	1.0	21.35	0.80625	0.8125	0.75	
	220	1433	1.0	21.35	0.8375	0.7875	0.7625	1.0	19	0.725	0.73125	0.7125	0.73125	0.85625	0.83125	
F + 22 	242	1433	1.0	21.35	0.84375	0.80625	0.7625	
	242	1433	1.0	21.35	0.83125	0.79375	0.75	1.0	18	0.76875	0.675	0.73125	0.75	0.875	0.83125	
