Data Set	handwritten	
CFS	Feature	Instance	CFS Merit	CFS Size	C4.5	NN	NB	Merit	Size	C4.5	NN	NB	C4.5	NN	NB	
	257	1433	0.47354114387249113	138.85	0.84375	0.90625	0.86875	0.2727538427771825	256	0.7625	0.86875	0.8375	0.7625	0.86875	0.8375	
I - 45 	257	1388	0.4615683521567447	138.85	0.83125	0.89375	0.86875	
	257	1388	0.4833379158242817	137.75	0.8375	0.9	0.86875	0.27475189576045644	256	0.71875	0.86875	0.84375	0.71875	0.86875	0.84375	
I - 63 	257	1325	0.46124368782973474	137.75	0.8375	0.89375	0.88125	
	257	1325	0.4810970534346407	134.6	0.8	0.86875	0.8625	0.27397199099481356	256	0.73125	0.8625	0.84375	0.73125	0.8625	0.84375	
I - 55 	257	1270	0.46687451792550616	134.6	0.7625	0.8625	0.8625	
	257	1270	0.4835235507618217	135.3	0.79375	0.875	0.8625	0.27574123569137554	256	0.7125	0.8625	0.8375	0.7125	0.8625	0.8375	
I - 76 	257	1194	0.46238319339487494	135.3	0.78125	0.86875	0.875	
	257	1194	0.4828404448167795	136.95	0.775	0.88125	0.875	0.27650709933678164	256	0.7	0.8625	0.84375	0.7	0.8625	0.84375	
I - 60 	257	1134	0.44496039125775466	136.95	0.7875	0.8875	0.86875	
	257	1134	0.48588872555950413	137.55	0.79375	0.875	0.86875	0.241772668881139	256	0.70625	0.85625	0.84375	0.70625	0.85625	0.84375	
I - 73 	257	1061	0.4473574493894593	137.55	0.80625	0.86875	0.88125	
	257	1061	0.4853197410420398	136.25	0.8	0.88125	0.86875	0.2426101140955333	256	0.71875	0.85625	0.83125	0.71875	0.85625	0.83125	
I - 42 	257	1019	0.4577268311743391	136.25	0.78125	0.875	0.86875	
	257	1019	0.49500090804026275	136.05	0.81875	0.875	0.8625	0.24371120160554346	256	0.68125	0.85625	0.8375	0.68125	0.85625	0.8375	
I - 70 	257	949	0.4226603863983819	136.05	0.76875	0.875	0.85625	
	257	949	0.4868483432519568	138.2	0.7875	0.86875	0.875	0.223633846393443	256	0.725	0.85625	0.85	0.725	0.85625	0.85	
I - 57 	257	892	0.41823684029265024	138.2	0.79375	0.8625	0.86875	
	257	892	0.4877588463927795	139.75	0.8	0.88125	0.88125	0.19242844510848203	256	0.71875	0.85	0.84375	0.71875	0.85	0.84375	
I - 52 	257	840	0.4435945795249158	139.75	0.80625	0.8875	0.8875	
	257	840	0.4849913238835793	140.0	0.8125	0.90625	0.8875	0.17956024561500533	256	0.71875	0.8625	0.85	0.71875	0.8625	0.85	
I - 62 	257	778	0.41727872268916233	140.0	0.7625	0.89375	0.875	
	257	778	0.48923027852577655	140.15	0.78125	0.86875	0.86875	0.16573270707798626	256	0.6125	0.84375	0.84375	0.6125	0.84375	0.84375	
I - 88 	257	690	0.3378717382457988	140.15	0.74375	0.875	0.8625	
	257	690	0.47473349761326256	141.85	0.75	0.86875	0.875	0.14501246791498484	256	0.68125	0.84375	0.85	0.68125	0.84375	0.85	
I - 80 	257	610	0.2840616377466607	141.85	0.76875	0.85625	0.8625	
	257	610	0.4743233155583183	140.2	0.74375	0.86875	0.875	0.12360673975451227	256	0.70625	0.8125	0.85625	0.70625	0.8125	0.85625	
I - 82 	257	528	0.31162981217984975	140.2	0.775	0.85	0.85	
	257	528	0.44102380661462914	139.25	0.76875	0.85625	0.84375	0.11490157522828687	256	0.725	0.825	0.85625	0.725	0.825	0.85625	
I - 79 	257	449	0.26514743196430035	139.25	0.7125	0.85	0.85625	
	257	449	0.38973849335807514	138.15	0.71875	0.85	0.86875	0.10748854206489677	256	0.675	0.81875	0.85625	0.675	0.81875	0.85625	
I - 111 	257	338	0.2215584737482871	138.15	0.69375	0.81875	0.8875	
	257	338	0.2990725547649657	133.05	0.675	0.8125	0.85	0.09866515665577841	256	0.63125	0.8	0.84375	0.63125	0.8	0.84375	
I - 84 	257	285	0.17208113373012685	133.05	0.73125	0.78125	0.85	
	257	285	0.2375615623360071	130.35	0.70625	0.80625	0.85	0.08528885217326676	256	0.65	0.79375	0.84375	0.65	0.79375	0.84375	
I - 90 	257	285	0.2375615623360071	130.35	0.70625	0.80625	0.85625	
	257	285	0.2556206015022196	129.05	0.725	0.8	0.85	0.08528885217326676	256	0.65	0.79375	0.84375	0.65	0.79375	0.84375	
I - 158 	257	285	0.2556206015022196	129.05	0.71875	0.8	0.85	
	257	285	0.2787030849132368	128.15	0.71875	0.8	0.8375	0.08528885217326676	256	0.65	0.79375	0.84375	0.65	0.79375	0.84375	

Data Set	handwritten	
PCFS	Feature	Instance	PCFS Merit	PCFS Size	C4.5	NN	NB	Merit	Size	C4.5	NN	NB	C4.5	NN	NB	
	257	1433	1.0	113.65	0.88125	0.88125	0.8375	1.0	18	0.7375	0.69375	0.74375	0.7625	0.86875	0.8375	
I - 45 	257	1388	1.0	113.65	0.88125	0.88125	0.83125	
	257	1388	1.0	108.3	0.8875	0.8875	0.8375	1.0	18	0.73125	0.6375	0.725	0.71875	0.86875	0.84375	
I - 63 	257	1325	1.0	108.3	0.9	0.88125	0.84375	
	257	1325	1.0	105.55	0.89375	0.88125	0.83125	1.0	18	0.75	0.6875	0.725	0.73125	0.8625	0.84375	
I - 55 	257	1270	1.0	105.55	0.86875	0.89375	0.81875	
	257	1270	1.0	103.55	0.88125	0.8875	0.81875	1.0	18	0.73125	0.675	0.75	0.7125	0.8625	0.8375	
I - 76 	257	1194	1.0	103.55	0.9	0.875	0.825	
	257	1194	1.0	101.65	0.875	0.86875	0.84375	1.0	18	0.74375	0.75	0.7	0.7	0.8625	0.84375	
I - 60 	257	1134	1.0	101.65	0.89375	0.875	0.85	
	257	1134	1.0	100.25	0.90625	0.875	0.85	1.0	19	0.7625	0.73125	0.74375	0.70625	0.85625	0.84375	
I - 73 	257	1061	1.0	100.25	0.8625	0.875	0.84375	
	257	1061	1.0	98.15	0.8875	0.85625	0.83125	1.0	18	0.6875	0.70625	0.66875	0.71875	0.85625	0.83125	
I - 42 	257	1019	1.0	98.15	0.8875	0.85625	0.83125	
	257	1019	1.0	97.1	0.86875	0.86875	0.84375	1.0	17	0.7125	0.69375	0.76875	0.68125	0.85625	0.8375	
I - 70 	257	949	1.0	97.1	0.86875	0.8625	0.85625	
	257	949	1.0	95.7	0.86875	0.875	0.85625	1.0	17	0.64375	0.6625	0.66875	0.725	0.85625	0.85	
I - 57 	257	892	1.0	95.7	0.875	0.875	0.85	
	257	892	1.0	95.4	0.8875	0.875	0.85	1.0	17	0.71875	0.69375	0.7	0.71875	0.85	0.84375	
I - 52 	257	840	1.0	95.4	0.875	0.875	0.84375	
	257	840	1.0	94.6	0.86875	0.88125	0.8375	1.0	16	0.69375	0.7	0.70625	0.71875	0.8625	0.85	
I - 62 	257	778	1.0	94.6	0.8625	0.88125	0.8375	
	257	778	1.0	93.6	0.86875	0.8625	0.83125	1.0	17	0.66875	0.6125	0.7	0.6125	0.84375	0.84375	
I - 88 	257	690	1.0	93.6	0.86875	0.85625	0.85625	
	257	690	1.0	93.0	0.875	0.86875	0.85625	1.0	16	0.65625	0.6125	0.69375	0.68125	0.84375	0.85	
I - 80 	257	610	1.0	93.0	0.85	0.8375	0.85	
	257	610	1.0	92.35	0.85	0.86875	0.85625	1.0	15	0.61875	0.5625	0.66875	0.70625	0.8125	0.85625	
I - 82 	257	528	1.0	92.35	0.83125	0.85625	0.85625	
	257	528	1.0	91.85	0.83125	0.85	0.83125	1.0	16	0.64375	0.63125	0.69375	0.725	0.825	0.85625	
I - 79 	257	449	1.0	91.85	0.83125	0.8375	0.83125	
	257	449	1.0	91.1	0.80625	0.84375	0.84375	1.0	14	0.59375	0.56875	0.65625	0.675	0.81875	0.85625	
I - 111 	257	338	1.0	91.1	0.76875	0.80625	0.81875	
	257	338	1.0	90.9	0.79375	0.8125	0.85	1.0	14	0.61875	0.6	0.64375	0.63125	0.8	0.84375	
I - 84 	257	285	1.0	90.9	0.7875	0.80625	0.8375	
	257	285	1.0	90.45	0.79375	0.79375	0.85	1.0	14	0.6125	0.5875	0.65	0.65	0.79375	0.84375	
I - 90 	257	285	1.0	90.45	0.79375	0.79375	0.85625	
	257	285	1.0	89.85	0.8	0.8125	0.85625	1.0	14	0.6125	0.5875	0.65	0.65	0.79375	0.84375	
I - 158 	257	285	1.0	89.85	0.79375	0.8125	0.85	
	257	285	1.0	89.35	0.78125	0.825	0.84375	1.0	14	0.6125	0.5875	0.65	0.65	0.79375	0.84375	
