Data Set	multifeat	
CFS	Feature	Instance	CFS Merit	CFS Size	C4.5	NN	NB	Merit	Size	C4.5	NN	NB	C4.5	NN	NB	
	650	360	0.6347174981884262	371.0	0.935	0.955	0.91	0.30357813886907187	649	0.92	0.965	0.91	0.92	0.965	0.91	
I + 45 	650	405	0.6180615964420271	371.0	0.94	0.95	0.91	
	650	405	0.7051749162617482	372.85	0.92	0.96	0.905	0.3260436052740953	649	0.92	0.965	0.9	0.92	0.965	0.9	
I + 41 	650	446	0.7063003878997799	372.85	0.935	0.96	0.905	
	650	446	0.7714712507780825	371.2	0.94	0.955	0.91	0.3447386327267299	649	0.925	0.96	0.915	0.925	0.96	0.915	
I + 59 	650	505	0.7495055809537571	371.2	0.935	0.955	0.93	
	650	505	0.8083080517301997	373.45	0.94	0.955	0.93	0.37053981001061975	649	0.905	0.96	0.93	0.905	0.96	0.93	
I + 49 	650	554	0.8089761954753539	373.45	0.94	0.96	0.93	
	650	554	0.8260625654062098	377.0	0.935	0.96	0.93	0.3982332662657505	649	0.91	0.965	0.93	0.91	0.965	0.93	
I + 42 	650	596	0.8079717545277804	377.0	0.94	0.96	0.935	
	650	596	0.8260135847618557	376.55	0.935	0.96	0.93	0.412770964094626	649	0.92	0.965	0.93	0.92	0.965	0.93	
I + 58 	650	654	0.8247899477294014	376.55	0.94	0.96	0.94	
	650	654	0.8326450099494325	373.5	0.94	0.97	0.94	0.4591911166049545	649	0.93	0.97	0.94	0.93	0.97	0.94	
I + 78 	650	732	0.8275152634128544	373.5	0.93	0.975	0.95	
	650	732	0.834991902493871	369.9	0.955	0.97	0.955	0.5106483633060295	649	0.93	0.965	0.945	0.93	0.965	0.945	
I + 58 	650	790	0.8268336872962401	369.9	0.94	0.97	0.965	
	650	790	0.8464635697458653	367.25	0.945	0.98	0.955	0.5476039362638865	649	0.935	0.965	0.945	0.935	0.965	0.945	
I + 61 	650	851	0.8436368982168976	367.25	0.92	0.98	0.95	
	650	851	0.8479464098091484	369.25	0.93	0.975	0.955	0.5617311781359943	649	0.925	0.965	0.945	0.925	0.965	0.945	
I + 86 	650	937	0.8458083882695908	369.25	0.94	0.98	0.945	
	650	937	0.8501179664099514	364.3	0.95	0.98	0.96	0.6068461830433113	649	0.935	0.97	0.945	0.935	0.97	0.945	
I + 54 	650	991	0.8455267787943586	364.3	0.955	0.98	0.96	
	650	991	0.8495395868300994	364.55	0.945	0.98	0.965	0.6043098859908225	649	0.925	0.97	0.95	0.925	0.97	0.95	
I + 77 	650	1068	0.8473500519101904	364.55	0.95	0.98	0.96	
	650	1068	0.8548271861308594	362.9	0.955	0.98	0.96	0.6205899455702437	649	0.94	0.97	0.945	0.94	0.97	0.945	
I + 103 	650	1171	0.8551604989616927	362.9	0.955	0.98	0.96	
	650	1171	0.8570995083215569	361.8	0.965	0.98	0.965	0.6352521085865346	649	0.95	0.97	0.94	0.95	0.97	0.94	
I + 102 	650	1273	0.8540096305891269	361.8	0.95	0.98	0.955	
	650	1273	0.856057294545967	361.85	0.955	0.98	0.96	0.6853205835973301	649	0.95	0.975	0.94	0.95	0.975	0.94	
I + 68 	650	1341	0.8525862280655595	361.85	0.95	0.975	0.96	
	650	1341	0.8543592632262035	358.95	0.95	0.975	0.96	0.7033659059489237	649	0.95	0.97	0.945	0.95	0.97	0.945	
I + 75 	650	1416	0.837369509622043	358.95	0.96	0.975	0.955	
	650	1416	0.8520995624704117	357.75	0.955	0.975	0.965	0.6788929690635593	649	0.955	0.975	0.945	0.955	0.975	0.945	
I + 91 	650	1507	0.8527582686762727	357.75	0.95	0.975	0.965	
	650	1507	0.8541791844509928	354.8	0.945	0.98	0.965	0.7008800115882641	649	0.935	0.98	0.94	0.935	0.98	0.94	
I + 99 	650	1606	0.8553251399931368	354.8	0.95	0.98	0.965	
	650	1606	0.8566044821588538	354.8	0.945	0.975	0.965	0.725506551461647	649	0.945	0.98	0.93	0.945	0.98	0.93	
I + 131 	650	1737	0.8580224859626961	354.8	0.945	0.975	0.965	
	650	1737	0.8596103317594503	354.75	0.955	0.975	0.955	0.7521046609364417	649	0.945	0.98	0.935	0.945	0.98	0.935	

Data Set	multifeat	
PCFS	Feature	Instance	PCFS Merit	PCFS Size	C4.5	NN	NB	Merit	Size	C4.5	NN	NB	C4.5	NN	NB	
	650	360	1.0	331.1	0.95	0.965	0.89	1.0	6	0.845	0.785	0.86	0.92	0.965	0.91	
I + 45 	650	405	1.0	331.1	0.96	0.965	0.9	
	650	405	1.0	324.5	0.95	0.965	0.915	1.0	6	0.845	0.87	0.895	0.92	0.965	0.9	
I + 41 	650	446	1.0	324.5	0.97	0.965	0.905	
	650	446	1.0	320.7	0.965	0.955	0.91	1.0	6	0.865	0.89	0.905	0.925	0.96	0.915	
I + 59 	650	505	1.0	320.7	0.96	0.955	0.93	
	650	505	1.0	316.75	0.955	0.96	0.93	1.0	6	0.86	0.885	0.9	0.905	0.96	0.93	
I + 49 	650	554	1.0	316.75	0.935	0.965	0.93	
	650	554	1.0	314.85	0.94	0.965	0.925	1.0	6	0.89	0.935	0.95	0.91	0.965	0.93	
I + 42 	650	596	1.0	314.85	0.95	0.965	0.925	
	650	596	1.0	313.8	0.955	0.965	0.935	1.0	5	0.88	0.89	0.905	0.92	0.965	0.93	
I + 58 	650	654	1.0	313.8	0.96	0.965	0.95	
	650	654	1.0	312.35	0.96	0.97	0.94	1.0	6	0.835	0.915	0.92	0.93	0.97	0.94	
I + 78 	650	732	1.0	312.35	0.96	0.97	0.955	
	650	732	1.0	310.3	0.97	0.97	0.94	1.0	6	0.9	0.935	0.955	0.93	0.965	0.945	
I + 58 	650	790	1.0	310.3	0.965	0.97	0.94	
	650	790	1.0	308.55	0.965	0.97	0.94	1.0	6	0.89	0.91	0.925	0.935	0.965	0.945	
I + 61 	650	851	1.0	308.55	0.96	0.97	0.95	
	650	851	1.0	307.55	0.96	0.975	0.945	1.0	6	0.885	0.9	0.945	0.925	0.965	0.945	
I + 86 	650	937	1.0	307.55	0.96	0.98	0.955	
	650	937	1.0	307.0	0.955	0.97	0.95	1.0	6	0.9	0.91	0.935	0.935	0.97	0.945	
I + 54 	650	991	1.0	307.0	0.96	0.97	0.945	
	650	991	1.0	306.0	0.965	0.97	0.95	1.0	6	0.855	0.89	0.88	0.925	0.97	0.95	
I + 77 	650	1068	1.0	306.0	0.965	0.965	0.945	
	650	1068	1.0	305.7	0.96	0.97	0.95	1.0	6	0.89	0.925	0.92	0.94	0.97	0.945	
I + 103 	650	1171	1.0	305.7	0.965	0.97	0.95	
	650	1171	1.0	305.3	0.955	0.97	0.945	1.0	6	0.85	0.9	0.91	0.95	0.97	0.94	
I + 102 	650	1273	1.0	305.3	0.96	0.975	0.94	
	650	1273	1.0	303.4	0.96	0.97	0.945	1.0	6	0.9	0.93	0.945	0.95	0.975	0.94	
I + 68 	650	1341	1.0	303.4	0.97	0.97	0.95	
	650	1341	1.0	302.85	0.97	0.975	0.945	1.0	6	0.895	0.92	0.915	0.95	0.97	0.945	
I + 75 	650	1416	1.0	302.85	0.97	0.975	0.945	
	650	1416	1.0	302.55	0.97	0.975	0.955	1.0	6	0.885	0.925	0.915	0.955	0.975	0.945	
I + 91 	650	1507	1.0	302.55	0.985	0.98	0.94	
	650	1507	1.0	302.15	0.975	0.98	0.94	1.0	6	0.905	0.91	0.935	0.935	0.98	0.94	
I + 99 	650	1606	1.0	302.15	0.98	0.98	0.93	
	650	1606	1.0	301.75	0.98	0.98	0.94	1.0	7	0.9	0.915	0.92	0.945	0.98	0.93	
I + 131 	650	1737	1.0	301.75	0.98	0.98	0.935	
	650	1737	1.0	301.15	0.97	0.98	0.945	1.0	6	0.885	0.9	0.935	0.945	0.98	0.935	
