Data Set	multifeat	
CFS	Feature	Instance	CFS Merit	CFS Size	C4.5	NN	NB	Merit	Size	C4.5	NN	NB	C4.5	NN	NB	
	650	1800	0.8510476858154116	368.05	0.96	0.975	0.945	0.7273022165385294	649	0.95	0.98	0.94	0.95	0.98	0.94	
F - 19 	631	1800	0.8519899376327681	357.95	0.965	0.975	0.95	
	631	1800	0.8554330470179423	356.95	0.96	0.975	0.95	0.7264377909028057	630	0.96	0.98	0.94	0.96	0.98	0.94	
F - 27 	604	1800	0.8527162439077367	340.35	0.965	0.975	0.965	
	604	1800	0.8543893041456062	340.0	0.965	0.975	0.96	0.7223597609220562	603	0.965	0.98	0.94	0.965	0.98	0.94	
F - 28 	576	1800	0.8522947518173037	324.8	0.97	0.975	0.965	
	576	1800	0.853944668611283	328.15	0.97	0.975	0.965	0.7452727673361002	575	0.97	0.975	0.94	0.97	0.975	0.94	
F - 34 	542	1800	0.8515399942808131	306.8	0.97	0.975	0.97	
	542	1800	0.8525925346943154	303.35	0.97	0.975	0.965	0.7395995797719135	541	0.97	0.98	0.95	0.97	0.98	0.95	
F - 19 	523	1800	0.8502737247663316	290.55	0.97	0.975	0.97	
	523	1800	0.8507228478858988	291.85	0.97	0.975	0.97	0.7348065006376894	522	0.97	0.985	0.95	0.97	0.985	0.95	
F - 33 	490	1800	0.8513838081588734	274.65	0.97	0.975	0.965	
	490	1800	0.8521932093810711	275.7	0.97	0.975	0.96	0.7318484455581331	489	0.96	0.98	0.95	0.96	0.98	0.95	
F - 31 	459	1800	0.8521540054268433	257.9	0.97	0.975	0.965	
	459	1800	0.8524738457738081	257.45	0.965	0.975	0.965	0.7266103223057834	458	0.96	0.98	0.955	0.96	0.98	0.955	
F - 25 	434	1800	0.8505489556296378	242.85	0.965	0.975	0.975	
	434	1800	0.8510371709229579	245.6	0.97	0.975	0.97	0.7217842044885708	433	0.96	0.975	0.965	0.96	0.975	0.965	
F - 24 	410	1800	0.85021049326821	231.5	0.97	0.975	0.97	
	410	1800	0.8507234988372074	231.6	0.97	0.975	0.97	0.7177837634993098	409	0.96	0.975	0.95	0.96	0.975	0.95	
F - 31 	379	1800	0.8482346371037895	214.85	0.97	0.975	0.98	
	379	1800	0.8488600806005342	215.1	0.97	0.975	0.98	0.7531517056423342	378	0.965	0.965	0.96	0.965	0.965	0.96	
F - 38 	341	1800	0.8377399257514829	192.3	0.975	0.975	0.975	
	341	1800	0.8386674250330689	192.05	0.975	0.975	0.97	0.7399484094682264	340	0.96	0.96	0.935	0.96	0.96	0.935	
F - 29 	312	1800	0.8351683878945494	176.3	0.985	0.97	0.97	
	312	1800	0.8360480462640553	178.6	0.985	0.97	0.97	0.7359463461016563	311	0.975	0.96	0.935	0.975	0.96	0.935	
F - 29 	283	1800	0.8278045079866306	160.1	0.98	0.97	0.96	
	283	1800	0.8287535364105105	163.85	0.975	0.97	0.97	0.7258871918343907	282	0.915	0.96	0.94	0.915	0.96	0.94	
F - 31 	252	1800	0.8257248749939488	146.0	0.975	0.97	0.975	
	252	1800	0.8265190692784424	141.95	0.975	0.97	0.975	0.7194144255185264	251	0.92	0.955	0.94	0.92	0.955	0.94	
F - 28 	224	1800	0.8228952159090875	128.4	0.97	0.97	0.98	
	224	1800	0.823555890088573	128.35	0.975	0.97	0.975	0.7134679371556687	223	0.92	0.955	0.935	0.92	0.955	0.935	
F - 41 	183	1800	0.8143755235560434	106.1	0.96	0.97	0.965	
	183	1800	0.8164692341751278	107.8	0.96	0.97	0.96	0.7798980493262125	182	0.95	0.96	0.915	0.95	0.96	0.915	
F - 58 	130	1800	0.7793963016739875	77.0	0.95	0.975	0.93	
	130	1800	0.7844124342921904	92.8	0.93	0.96	0.925	0.7576778610481797	129	0.915	0.955	0.915	0.915	0.955	0.915	
F - 62 	130	1800	0.7844124342921904	92.8	0.93	0.965	0.925	
	130	1800	0.784477539064559	94.05	0.93	0.96	0.925	0.7576778610481797	129	0.915	0.955	0.915	0.915	0.955	0.915	
F - 102 	130	1800	0.784477539064559	94.05	0.935	0.955	0.925	
	130	1800	0.7844921657275691	94.3	0.935	0.96	0.925	0.7576778610481797	129	0.915	0.955	0.915	0.915	0.955	0.915	

Data Set	multifeat	
PCFS	Feature	Instance	PCFS Merit	PCFS Size	C4.5	NN	NB	Merit	Size	C4.5	NN	NB	C4.5	NN	NB	
	650	1800	1.0	328.85	0.985	0.98	0.935	1.0	6	0.895	0.885	0.925	0.95	0.98	0.94	
F - 19 	631	1800	1.0	318.95	0.985	0.975	0.94	
	631	1800	1.0	314.75	0.98	0.97	0.94	1.0	6	0.875	0.91	0.93	0.96	0.98	0.94	
F - 27 	604	1800	1.0	301.3	0.985	0.97	0.945	
	604	1800	1.0	297.65	0.98	0.97	0.95	1.0	6	0.875	0.91	0.93	0.965	0.98	0.94	
F - 28 	576	1800	1.0	283.8	0.99	0.975	0.945	
	576	1800	1.0	282.65	0.985	0.975	0.95	1.0	6	0.875	0.91	0.93	0.97	0.975	0.94	
F - 34 	542	1800	1.0	264.95	0.985	0.975	0.955	
	542	1800	1.0	264.25	0.985	0.97	0.96	1.0	6	0.875	0.91	0.93	0.97	0.98	0.95	
F - 19 	523	1800	1.0	254.65	0.985	0.97	0.95	
	523	1800	1.0	253.9	0.985	0.975	0.945	1.0	6	0.875	0.91	0.93	0.97	0.985	0.95	
F - 33 	490	1800	1.0	237.05	0.98	0.97	0.94	
	490	1800	1.0	236.0	0.975	0.975	0.945	1.0	6	0.875	0.91	0.93	0.96	0.98	0.95	
F - 31 	459	1800	1.0	220.35	0.98	0.97	0.955	
	459	1800	1.0	219.3	0.98	0.965	0.95	1.0	6	0.875	0.91	0.93	0.96	0.98	0.955	
F - 25 	434	1800	1.0	208.15	0.975	0.97	0.97	
	434	1800	1.0	206.9	0.98	0.97	0.965	1.0	6	0.875	0.91	0.93	0.96	0.975	0.965	
F - 24 	410	1800	1.0	195.75	0.98	0.97	0.945	
	410	1800	1.0	195.05	0.98	0.97	0.95	1.0	6	0.88	0.885	0.915	0.96	0.975	0.95	
F - 31 	379	1800	1.0	180.5	0.99	0.965	0.95	
	379	1800	1.0	179.7	0.985	0.975	0.95	1.0	6	0.88	0.885	0.915	0.965	0.965	0.96	
F - 38 	341	1800	1.0	161.2	0.985	0.97	0.935	
	341	1800	1.0	159.6	0.985	0.97	0.945	1.0	7	0.91	0.92	0.915	0.96	0.96	0.935	
F - 29 	312	1800	1.0	145.65	0.985	0.975	0.925	
	312	1800	1.0	144.65	0.98	0.97	0.935	1.0	7	0.915	0.93	0.92	0.975	0.96	0.935	
F - 29 	283	1800	1.0	132.05	0.97	0.97	0.925	
	283	1800	1.0	130.25	0.98	0.965	0.93	1.0	8	0.89	0.92	0.895	0.915	0.96	0.94	
F - 31 	252	1800	1.0	116.95	0.975	0.965	0.93	
	252	1800	1.0	115.35	0.98	0.965	0.935	1.0	8	0.905	0.94	0.93	0.92	0.955	0.94	
F - 28 	224	1800	1.0	102.35	0.975	0.975	0.935	
	224	1800	1.0	101.4	0.975	0.975	0.935	1.0	8	0.865	0.9	0.905	0.92	0.955	0.935	
F - 41 	183	1800	1.0	83.1	0.97	0.965	0.925	
	183	1800	1.0	81.45	0.975	0.97	0.92	1.0	8	0.875	0.93	0.9	0.95	0.96	0.915	
F - 58 	130	1800	1.0	57.95	0.975	0.975	0.91	
	130	1800	1.0	55.95	0.99	0.975	0.92	1.0	9	0.82	0.92	0.84	0.915	0.955	0.915	
F - 62 	130	1800	1.0	55.95	0.99	0.975	0.915	
	130	1800	1.0	55.95	0.99	0.975	0.915	1.0	9	0.82	0.92	0.84	0.915	0.955	0.915	
F - 102 	130	1800	1.0	55.95	0.99	0.975	0.915	
	130	1800	1.0	55.95	0.99	0.975	0.92	1.0	9	0.82	0.92	0.84	0.915	0.955	0.915	
