Data Set	multifeat	
CFS	Feature	Instance	CFS Merit	CFS Size	C4.5	NN	NB	Merit	Size	C4.5	NN	NB	C4.5	NN	NB	
	131	1800	0.7925811697889258	73.2	0.91	0.985	0.94	0.6575692121404049	130	0.885	0.975	0.94	0.885	0.975	0.94	
F + 23 	154	1800	0.7925811697889258	73.2	0.91	0.985	0.94	
	154	1800	0.8072632188798847	77.15	0.93	0.98	0.945	0.7962878420009305	131	0.89	0.96	0.945	0.89	0.97	0.94	
F + 18 	172	1800	0.8072632188798847	77.15	0.935	0.98	0.945	
	172	1800	0.8112632263671113	76.8	0.94	0.98	0.95	0.8085410610043392	131	0.905	0.955	0.945	0.9	0.965	0.945	
F + 20 	192	1800	0.8112632263671113	76.8	0.94	0.975	0.945	
	192	1800	0.8148092261449742	81.25	0.93	0.96	0.96	0.819566940353357	131	0.91	0.96	0.95	0.915	0.96	0.955	
F + 18 	210	1800	0.8148092261449742	81.25	0.93	0.965	0.96	
	210	1800	0.8160769130520382	81.15	0.925	0.96	0.955	0.8217788997906146	131	0.905	0.96	0.95	0.925	0.955	0.95	
F + 19 	229	1800	0.8160769130520382	81.15	0.925	0.96	0.96	
	229	1800	0.8175025448623657	81.9	0.94	0.97	0.955	0.8271082599917978	131	0.91	0.96	0.945	0.925	0.965	0.95	
F + 21 	250	1800	0.8175025448623657	81.9	0.94	0.97	0.96	
	250	1800	0.8200967123197186	85.5	0.945	0.97	0.965	0.8325842958395758	131	0.91	0.955	0.955	0.93	0.965	0.945	
F + 23 	273	1800	0.8200967123197186	85.5	0.945	0.975	0.965	
	273	1800	0.8299778938570371	89.35	0.945	0.975	0.96	0.8437374324243337	131	0.89	0.96	0.96	0.905	0.97	0.94	
F + 16 	289	1800	0.8299778938570371	89.35	0.945	0.975	0.96	
	289	1800	0.8340109115409865	92.4	0.935	0.965	0.955	0.8492670179171662	131	0.895	0.955	0.955	0.91	0.97	0.94	
F + 26 	315	1800	0.8340109115409865	92.4	0.935	0.97	0.955	
	315	1800	0.8380818171403324	93.9	0.95	0.965	0.96	0.8545334240601995	131	0.9	0.965	0.955	0.895	0.97	0.935	
F + 27 	342	1800	0.8380818171403324	93.9	0.945	0.96	0.96	
	342	1800	0.8416976586618187	94.85	0.94	0.96	0.965	0.8599493184881412	131	0.915	0.965	0.96	0.91	0.975	0.935	
F + 21 	363	1800	0.8416976586618187	94.85	0.94	0.965	0.965	
	363	1800	0.8450638673251701	96.0	0.945	0.97	0.97	0.8653442094792749	131	0.93	0.965	0.96	0.91	0.975	0.93	
F + 31 	394	1800	0.8450638673251701	96.0	0.945	0.97	0.97	
	394	1800	0.8495962940668443	97.5	0.935	0.975	0.97	0.8698314188944056	131	0.92	0.98	0.955	0.925	0.985	0.92	
F + 32 	426	1800	0.8495962940668443	97.5	0.935	0.97	0.965	
	426	1800	0.8549773413392587	97.05	0.94	0.97	0.965	0.8767628701969737	131	0.94	0.975	0.965	0.92	0.985	0.91	
F + 27 	453	1800	0.8549773413392587	97.05	0.945	0.97	0.965	
	453	1800	0.8622994610140818	98.35	0.95	0.975	0.97	0.8865937172479461	131	0.93	0.97	0.97	0.88	0.98	0.925	
F + 29 	482	1800	0.8622994610140818	98.35	0.95	0.975	0.97	
	482	1800	0.8667981029637947	99.8	0.95	0.98	0.965	0.8917332488264789	131	0.94	0.97	0.965	0.885	0.975	0.92	
F + 22 	504	1800	0.8667981029637947	99.8	0.95	0.98	0.965	
	504	1800	0.874000559963821	99.75	0.94	0.975	0.97	0.8996927932089633	131	0.92	0.98	0.975	0.935	0.975	0.915	
F + 41 	545	1800	0.874000559963821	99.75	0.94	0.975	0.97	
	545	1800	0.8769464155242599	100.95	0.94	0.98	0.97	0.9024494765455274	131	0.935	0.98	0.965	0.935	0.97	0.935	
F + 43 	588	1800	0.8769464155242599	100.95	0.94	0.98	0.97	
	588	1800	0.8808363350702265	101.0	0.945	0.98	0.975	0.9083095483893945	131	0.935	0.98	0.96	0.955	0.97	0.925	
F + 49 	637	1800	0.8808363350702265	101.0	0.95	0.98	0.975	
	637	1800	0.8922450300716417	103.35	0.965	0.98	0.98	0.9211190536680546	131	0.955	0.965	0.97	0.945	0.98	0.935	

Data Set	multifeat	
PCFS	Feature	Instance	PCFS Merit	PCFS Size	C4.5	NN	NB	Merit	Size	C4.5	NN	NB	C4.5	NN	NB	
	131	1800	1.0	45.8	0.985	0.975	0.935	1.0	8	0.895	0.87	0.88	0.885	0.975	0.94	
F + 23 	154	1800	1.0	45.8	0.985	0.975	0.93	
	154	1800	1.0	42.05	0.98	0.98	0.935	1.0	8	0.81	0.88	0.88	0.89	0.97	0.94	
F + 18 	172	1800	1.0	42.05	0.98	0.98	0.935	
	172	1800	1.0	40.2	0.97	0.965	0.94	1.0	8	0.81	0.88	0.88	0.9	0.965	0.945	
F + 20 	192	1800	1.0	40.2	0.97	0.965	0.935	
	192	1800	1.0	39.3	0.98	0.97	0.92	1.0	8	0.81	0.88	0.88	0.915	0.96	0.955	
F + 18 	210	1800	1.0	39.3	0.98	0.97	0.925	
	210	1800	1.0	38.25	0.98	0.975	0.95	1.0	8	0.85	0.92	0.895	0.925	0.955	0.95	
F + 19 	229	1800	1.0	38.25	0.98	0.975	0.945	
	229	1800	1.0	37.55	0.965	0.975	0.95	1.0	8	0.85	0.92	0.895	0.925	0.965	0.95	
F + 21 	250	1800	1.0	37.55	0.965	0.975	0.95	
	250	1800	1.0	36.75	0.945	0.97	0.94	1.0	8	0.87	0.91	0.89	0.93	0.965	0.945	
F + 23 	273	1800	1.0	36.75	0.95	0.97	0.94	
	273	1800	1.0	35.65	0.965	0.975	0.95	1.0	7	0.86	0.885	0.885	0.905	0.97	0.94	
F + 16 	289	1800	1.0	35.65	0.965	0.975	0.95	
	289	1800	1.0	34.65	0.985	0.97	0.945	1.0	7	0.86	0.885	0.885	0.91	0.97	0.94	
F + 26 	315	1800	1.0	34.65	0.98	0.97	0.94	
	315	1800	1.0	34.45	0.95	0.975	0.94	1.0	7	0.86	0.885	0.885	0.895	0.97	0.935	
F + 27 	342	1800	1.0	34.45	0.95	0.975	0.94	
	342	1800	1.0	33.7	0.97	0.975	0.925	1.0	7	0.9	0.905	0.905	0.91	0.975	0.935	
F + 21 	363	1800	1.0	33.7	0.97	0.975	0.925	
	363	1800	1.0	33.05	0.98	0.975	0.935	1.0	7	0.9	0.905	0.905	0.91	0.975	0.93	
F + 31 	394	1800	1.0	33.05	0.98	0.975	0.935	
	394	1800	1.0	32.6	0.97	0.975	0.935	1.0	7	0.915	0.91	0.89	0.925	0.985	0.92	
F + 32 	426	1800	1.0	32.6	0.97	0.975	0.935	
	426	1800	1.0	32.3	0.965	0.97	0.925	1.0	7	0.885	0.92	0.9	0.92	0.985	0.91	
F + 27 	453	1800	1.0	32.3	0.965	0.98	0.925	
	453	1800	1.0	32.05	0.965	0.975	0.925	1.0	7	0.885	0.92	0.9	0.88	0.98	0.925	
F + 29 	482	1800	1.0	32.05	0.965	0.975	0.92	
	482	1800	1.0	31.5	0.97	0.98	0.925	1.0	7	0.885	0.92	0.9	0.885	0.975	0.92	
F + 22 	504	1800	1.0	31.5	0.97	0.98	0.92	
	504	1800	1.0	31.45	0.975	0.965	0.93	1.0	7	0.895	0.91	0.875	0.935	0.975	0.915	
F + 41 	545	1800	1.0	31.45	0.975	0.965	0.93	
	545	1800	1.0	30.9	0.97	0.985	0.93	1.0	7	0.905	0.93	0.895	0.935	0.97	0.935	
F + 43 	588	1800	1.0	30.9	0.975	0.985	0.93	
	588	1800	1.0	30.65	0.975	0.98	0.92	1.0	7	0.91	0.92	0.925	0.955	0.97	0.925	
F + 49 	637	1800	1.0	30.65	0.975	0.98	0.925	
	637	1800	1.0	30.3	0.975	0.975	0.93	1.0	6	0.895	0.885	0.925	0.945	0.98	0.935	
