Data Set	multifeat	
CFS	Feature	Instance	CFS Merit	CFS Size	C4.5	NN	NB	Merit	Size	C4.5	NN	NB	C4.5	NN	NB	
	650	1800	0.8510529219168033	369.6	0.96	0.975	0.95	0.7273022165385294	649	0.95	0.98	0.94	0.95	0.98	0.94	
I - 54 	650	1746	0.850675632562832	369.6	0.965	0.975	0.945	
	650	1746	0.8551115382593748	364.85	0.95	0.975	0.955	0.7812766275969315	649	0.95	0.98	0.92	0.95	0.98	0.92	
I - 88 	650	1658	0.8446033044861816	364.85	0.96	0.975	0.955	
	650	1658	0.8553542784443922	361.8	0.96	0.975	0.95	0.7268531731139996	649	0.96	0.98	0.92	0.96	0.98	0.92	
I - 92 	650	1566	0.8523648762816644	361.8	0.955	0.975	0.955	
	650	1566	0.854016502000218	360.9	0.945	0.975	0.955	0.7252727601961553	649	0.945	0.98	0.925	0.945	0.98	0.925	
I - 83 	650	1483	0.8261135401110324	360.9	0.945	0.975	0.955	
	650	1483	0.8547870846476966	360.0	0.95	0.975	0.955	0.7027579720715157	649	0.935	0.98	0.925	0.935	0.98	0.925	
I - 79 	650	1404	0.8546251285132314	360.0	0.955	0.975	0.95	
	650	1404	0.8561032168261992	356.1	0.955	0.975	0.95	0.7256801490228592	649	0.945	0.98	0.93	0.945	0.98	0.93	
I - 90 	650	1314	0.8401287631000474	356.1	0.955	0.975	0.955	
	650	1314	0.8572173047096422	353.65	0.945	0.975	0.955	0.7039661969617756	649	0.935	0.98	0.93	0.935	0.98	0.93	
I - 89 	650	1225	0.8537854364758337	353.65	0.935	0.975	0.95	
	650	1225	0.8552218270372913	354.25	0.945	0.975	0.955	0.7024955866899386	649	0.93	0.98	0.935	0.93	0.98	0.935	
I - 90 	650	1135	0.8390527455407006	354.25	0.955	0.975	0.95	
	650	1135	0.8538313236568834	357.5	0.955	0.975	0.945	0.6817575369167315	649	0.945	0.975	0.935	0.945	0.975	0.935	
I - 56 	650	1079	0.8037255911894627	357.5	0.95	0.975	0.95	
	650	1079	0.8536117885359269	357.5	0.945	0.975	0.945	0.6644332207702106	649	0.92	0.975	0.935	0.92	0.975	0.935	
I - 100 	650	979	0.7253906908680099	357.5	0.96	0.975	0.935	
	650	979	0.8417654728690509	367.0	0.96	0.98	0.94	0.5771247698068047	649	0.94	0.975	0.925	0.94	0.975	0.925	
I - 96 	650	883	0.7697504852233298	367.0	0.95	0.975	0.94	
	650	883	0.8381877545009966	367.6	0.96	0.975	0.935	0.5630125107849672	649	0.945	0.975	0.925	0.945	0.975	0.925	
I - 88 	650	795	0.7466157795725922	367.6	0.93	0.975	0.94	
	650	795	0.8344906916198468	367.75	0.94	0.98	0.94	0.5194020837561877	649	0.925	0.97	0.925	0.925	0.97	0.925	
I - 59 	650	736	0.7462184917064429	367.75	0.935	0.98	0.94	
	650	736	0.8364756980549253	371.15	0.925	0.98	0.935	0.5017652332150352	649	0.915	0.97	0.92	0.915	0.97	0.92	
I - 86 	650	650	0.697081910113529	371.15	0.92	0.98	0.94	
	650	650	0.8318700322481385	375.4	0.92	0.98	0.925	0.45723384193801064	649	0.91	0.975	0.925	0.91	0.975	0.925	
I - 88 	650	562	0.59105631088418	375.4	0.93	0.98	0.925	
	650	562	0.8251274706976819	381.25	0.925	0.97	0.93	0.3945985853185896	649	0.9	0.975	0.92	0.9	0.975	0.92	
I - 81 	650	481	0.6046457423831859	381.25	0.91	0.965	0.885	
	650	481	0.782519532640817	373.35	0.915	0.965	0.885	0.36233666740758047	649	0.905	0.965	0.875	0.905	0.965	0.875	
I - 154 	650	359	0.6062644329028797	373.35	0.915	0.945	0.875	
	650	359	0.726365612510822	372.95	0.905	0.945	0.87	0.34123250412394507	649	0.865	0.945	0.865	0.865	0.945	0.865	
I - 134 	650	359	0.726365612510822	372.95	0.91	0.945	0.87	
	650	359	0.7547683192675942	374.15	0.885	0.945	0.875	0.34123250412394507	649	0.865	0.945	0.865	0.865	0.945	0.865	
I - 335 	650	359	0.7547683192675942	374.15	0.885	0.945	0.87	
	650	359	0.7682744134424896	373.7	0.875	0.945	0.88	0.34123250412394507	649	0.865	0.945	0.865	0.865	0.945	0.865	

Data Set	multifeat	
PCFS	Feature	Instance	PCFS Merit	PCFS Size	C4.5	NN	NB	Merit	Size	C4.5	NN	NB	C4.5	NN	NB	
	650	1800	1.0	330.5	0.975	0.975	0.935	1.0	6	0.895	0.885	0.925	0.95	0.98	0.94	
I - 54 	650	1746	1.0	330.5	0.975	0.975	0.92	
	650	1746	1.0	323.9	0.97	0.98	0.93	1.0	6	0.87	0.92	0.945	0.95	0.98	0.92	
I - 88 	650	1658	1.0	323.9	0.97	0.975	0.925	
	650	1658	1.0	320.35	0.98	0.975	0.925	1.0	6	0.855	0.895	0.885	0.96	0.98	0.92	
I - 92 	650	1566	1.0	320.35	0.98	0.975	0.93	
	650	1566	1.0	318.25	0.985	0.98	0.92	1.0	6	0.875	0.9	0.92	0.945	0.98	0.925	
I - 83 	650	1483	1.0	318.25	0.985	0.98	0.935	
	650	1483	1.0	315.6	0.955	0.98	0.94	1.0	6	0.86	0.925	0.885	0.935	0.98	0.925	
I - 79 	650	1404	1.0	315.6	0.965	0.98	0.925	
	650	1404	1.0	313.75	0.985	0.975	0.94	1.0	6	0.89	0.92	0.925	0.945	0.98	0.93	
I - 90 	650	1314	1.0	313.75	0.975	0.98	0.945	
	650	1314	1.0	312.5	0.98	0.975	0.935	1.0	6	0.86	0.905	0.905	0.935	0.98	0.93	
I - 89 	650	1225	1.0	312.5	0.98	0.97	0.935	
	650	1225	1.0	311.3	0.98	0.975	0.935	1.0	7	0.905	0.93	0.92	0.93	0.98	0.935	
I - 90 	650	1135	1.0	311.3	0.97	0.975	0.93	
	650	1135	1.0	309.9	0.975	0.975	0.93	1.0	6	0.87	0.875	0.885	0.945	0.975	0.935	
I - 56 	650	1079	1.0	309.9	0.965	0.975	0.925	
	650	1079	1.0	308.6	0.96	0.975	0.93	1.0	7	0.875	0.89	0.92	0.92	0.975	0.935	
I - 100 	650	979	1.0	308.6	0.965	0.975	0.92	
	650	979	1.0	307.8	0.965	0.975	0.925	1.0	6	0.865	0.915	0.91	0.94	0.975	0.925	
I - 96 	650	883	1.0	307.8	0.95	0.975	0.93	
	650	883	1.0	307.05	0.97	0.975	0.91	1.0	6	0.885	0.93	0.92	0.945	0.975	0.925	
I - 88 	650	795	1.0	307.05	0.94	0.97	0.92	
	650	795	1.0	306.3	0.95	0.975	0.91	1.0	6	0.825	0.87	0.88	0.925	0.97	0.925	
I - 59 	650	736	1.0	306.3	0.955	0.975	0.915	
	650	736	1.0	305.4	0.95	0.965	0.915	1.0	6	0.785	0.875	0.895	0.915	0.97	0.92	
I - 86 	650	650	1.0	305.4	0.955	0.97	0.925	
	650	650	1.0	304.2	0.955	0.965	0.92	1.0	6	0.79	0.915	0.89	0.91	0.975	0.925	
I - 88 	650	562	1.0	304.2	0.965	0.965	0.91	
	650	562	1.0	303.9	0.955	0.965	0.91	1.0	6	0.86	0.885	0.885	0.9	0.975	0.92	
I - 81 	650	481	1.0	303.9	0.96	0.965	0.885	
	650	481	1.0	303.55	0.975	0.965	0.88	1.0	6	0.9	0.925	0.91	0.905	0.965	0.875	
I - 154 	650	359	1.0	303.55	0.935	0.945	0.86	
	650	359	1.0	302.85	0.94	0.945	0.86	1.0	6	0.835	0.855	0.91	0.865	0.945	0.865	
I - 134 	650	359	1.0	302.85	0.94	0.945	0.86	
	650	359	1.0	302.25	0.945	0.945	0.86	1.0	6	0.835	0.855	0.91	0.865	0.945	0.865	
I - 335 	650	359	1.0	302.25	0.935	0.945	0.86	
	650	359	1.0	301.8	0.935	0.945	0.855	1.0	6	0.835	0.855	0.91	0.865	0.945	0.865	
