Data Set	ozone	
CFS	Feature	Instance	CFS Merit	CFS Size	C4.5	NN	NB	Merit	Size	C4.5	NN	NB	C4.5	NN	NB	
	15	2280	0.07436900109444552	9.0	0.9212598425196851	0.889763779527559	0.7125984251968503	0.05213611376819546	14	0.9251968503937008	0.8858267716535433	0.6732283464566929	0.9251968503937008	0.8858267716535433	0.6732283464566929	
F + 1 	16	2280	0.07436900109444552	9.0	0.9212598425196851	0.889763779527559	0.7125984251968503	
	16	2280	0.07497253126507887	10.0	0.9173228346456693	0.8976377952755905	0.6968503937007874	0.05412650175853602	15	0.9212598425196851	0.8858267716535433	0.6653543307086615	0.9212598425196851	0.8858267716535433	0.6653543307086615	
F + 1 	17	2280	0.07497253126507887	10.0	0.9173228346456693	0.8976377952755905	0.6968503937007874	
	17	2280	0.07642531371763873	10.0	0.9212598425196851	0.8976377952755905	0.7007874015748031	0.07241033212903955	15	0.9212598425196851	0.8858267716535433	0.6692913385826772	0.9212598425196851	0.8740157480314961	0.6732283464566929	
F + 1 	18	2280	0.07642531371763873	10.0	0.9212598425196851	0.8976377952755905	0.7007874015748031	
	18	2280	0.07848716411014522	9.0	0.9133858267716536	0.8858267716535433	0.7204724409448819	0.07491289469541233	15	0.9173228346456693	0.8818897637795275	0.6771653543307087	0.9173228346456693	0.8779527559055118	0.6692913385826772	
F + 1 	19	2280	0.07848716411014522	9.0	0.9133858267716536	0.8858267716535433	0.7204724409448819	
	19	2280	0.07848716411014522	9.0	0.9133858267716536	0.8858267716535433	0.7204724409448819	0.0759788974022668	15	0.9173228346456693	0.8818897637795275	0.6811023622047244	0.9173228346456693	0.8937007874015748	0.6692913385826772	
F + 1 	20	2280	0.07848716411014522	9.0	0.9133858267716536	0.8858267716535433	0.7204724409448819	
	20	2280	0.07848716411014522	9.0	0.9133858267716536	0.8858267716535433	0.7204724409448819	0.0759788974022668	15	0.9173228346456693	0.8818897637795275	0.6811023622047244	0.9173228346456693	0.889763779527559	0.65748031496063	
F + 1 	21	2280	0.07848716411014522	9.0	0.9133858267716536	0.8858267716535433	0.7204724409448819	
	21	2280	0.08114151033710033	7.1	0.9094488188976378	0.889763779527559	0.7480314960629921	0.07825733241706255	15	0.9173228346456693	0.8858267716535433	0.6732283464566929	0.9173228346456693	0.8937007874015748	0.6614173228346457	
F + 2 	23	2280	0.08114151033710033	7.1	0.9094488188976378	0.889763779527559	0.7480314960629921	
	23	2280	0.08234902828519503	9.0	0.9094488188976378	0.8937007874015748	0.7086614173228346	0.0797617450340027	15	0.905511811023622	0.8818897637795275	0.6811023622047244	0.9173228346456693	0.8937007874015748	0.6535433070866141	
F + 3 	26	2280	0.08234902828519503	9.0	0.9094488188976378	0.8937007874015748	0.7086614173228346	
	26	2280	0.0858536937924334	10.0	0.9133858267716536	0.889763779527559	0.7244094488188977	0.08388496950658349	15	0.9133858267716536	0.8858267716535433	0.7047244094488189	0.9212598425196851	0.8976377952755905	0.6771653543307087	
F + 3 	29	2280	0.0858536937924334	10.0	0.9133858267716536	0.889763779527559	0.7244094488188977	
	29	2280	0.08699849409696853	12.0	0.9133858267716536	0.889763779527559	0.7165354330708661	0.0859627095056821	15	0.9094488188976378	0.889763779527559	0.7086614173228346	0.9133858267716536	0.8976377952755905	0.6771653543307087	
F + 2 	31	2280	0.08699849409696853	12.0	0.9133858267716536	0.889763779527559	0.7165354330708661	
	31	2280	0.08699849409696853	12.0	0.9133858267716536	0.889763779527559	0.7165354330708661	0.08638679060262491	15	0.9094488188976378	0.9094488188976378	0.7165354330708661	0.9173228346456693	0.889763779527559	0.6771653543307087	
F + 2 	33	2280	0.08699849409696853	12.0	0.9133858267716536	0.889763779527559	0.7165354330708661	
	33	2280	0.09106477420402757	14.0	0.9133858267716536	0.9133858267716536	0.7047244094488189	0.09087109048410322	15	0.9173228346456693	0.9251968503937008	0.7165354330708661	0.9133858267716536	0.9173228346456693	0.6732283464566929	
F + 2 	35	2280	0.09106477420402757	14.0	0.9133858267716536	0.9133858267716536	0.7047244094488189	
	35	2280	0.09155649386695792	14.0	0.9133858267716536	0.9133858267716536	0.6968503937007874	0.0913386845634241	15	0.9094488188976378	0.9173228346456693	0.7047244094488189	0.9094488188976378	0.905511811023622	0.6653543307086615	
F + 3 	38	2280	0.09155649386695792	14.0	0.9133858267716536	0.9133858267716536	0.6968503937007874	
	38	2280	0.0918614051014778	15.0	0.9133858267716536	0.9015748031496063	0.6968503937007874	0.09150216054248053	15	0.9015748031496063	0.9251968503937008	0.7047244094488189	0.9094488188976378	0.9015748031496063	0.6692913385826772	
F + 3 	41	2280	0.0918614051014778	15.0	0.9133858267716536	0.9015748031496063	0.6968503937007874	
	41	2280	0.09281651635880148	15.0	0.9173228346456693	0.9251968503937008	0.7165354330708661	0.09263300073888273	15	0.9173228346456693	0.9212598425196851	0.7244094488188977	0.9094488188976378	0.9015748031496063	0.6771653543307087	
F + 4 	45	2280	0.09281651635880148	15.0	0.9173228346456693	0.9251968503937008	0.7165354330708661	
	45	2280	0.09660499188861849	14.0	0.9015748031496063	0.8976377952755905	0.7244094488188977	0.09644901294482737	15	0.9015748031496063	0.9015748031496063	0.7204724409448819	0.9094488188976378	0.905511811023622	0.6732283464566929	
F + 5 	50	2280	0.09660499188861849	14.0	0.9015748031496063	0.8976377952755905	0.7244094488188977	
	50	2280	0.10268191564468007	15.0	0.9015748031496063	0.905511811023622	0.7047244094488189	0.10268195244909341	15	0.9015748031496063	0.905511811023622	0.7047244094488189	0.9015748031496063	0.9015748031496063	0.6732283464566929	
F + 5 	55	2280	0.10268191564468007	15.0	0.9015748031496063	0.905511811023622	0.7047244094488189	
	55	2280	0.10424393451241647	15.0	0.9015748031496063	0.9015748031496063	0.7322834645669292	0.1040327666256801	15	0.9015748031496063	0.9015748031496063	0.7322834645669292	0.8937007874015748	0.905511811023622	0.65748031496063	
F + 5 	60	2280	0.10424393451241647	15.0	0.9015748031496063	0.9015748031496063	0.7322834645669292	
	60	2280	0.10424393451241647	15.0	0.9015748031496063	0.9015748031496063	0.7322834645669292	0.1040327666256801	15	0.9015748031496063	0.9015748031496063	0.7322834645669292	0.889763779527559	0.9173228346456693	0.6535433070866141	
F + 11 	71	2280	0.10424393451241647	15.0	0.9015748031496063	0.9015748031496063	0.7322834645669292	
	71	2280	0.10709071514373328	15.0	0.905511811023622	0.905511811023622	0.7204724409448819	0.1069505464393375	15	0.9173228346456693	0.9173228346456693	0.7322834645669292	0.9291338582677166	0.9094488188976378	0.6653543307086615	

Data Set	ozone	
PCFS	Feature	Instance	PCFS Merit	PCFS Size	C4.5	NN	NB	Merit	Size	C4.5	NN	NB	C4.5	NN	NB	
	15	2280	0.9570175438596491	12.0	0.9291338582677166	0.8937007874015748	0.6889763779527559	0.9570175438596491	14	0.9251968503937008	0.8858267716535433	0.6732283464566929	0.9251968503937008	0.8858267716535433	0.6732283464566929	
F + 1 	16	2280	0.9570175438596491	12.0	0.9291338582677166	0.8937007874015748	0.6889763779527559	
	16	2280	0.9609649122807016	13.0	0.9133858267716536	0.8976377952755905	0.6732283464566929	0.9609649122807018	15	0.9212598425196851	0.8858267716535433	0.6653543307086615	0.9212598425196851	0.8858267716535433	0.6653543307086615	
F + 1 	17	2280	0.9609649122807016	13.0	0.9133858267716536	0.8976377952755905	0.6732283464566929	
	17	2280	0.9613596491228072	13.9	0.9173228346456693	0.8779527559055118	0.6732283464566929	0.9614035087719298	15	0.9173228346456693	0.8779527559055118	0.6732283464566929	0.9212598425196851	0.8740157480314961	0.6732283464566929	
F + 1 	18	2280	0.9613596491228072	13.9	0.9173228346456693	0.8779527559055118	0.6732283464566929	
	18	2280	0.963157894736842	15.0	0.9251968503937008	0.889763779527559	0.6732283464566929	0.9631578947368421	15	0.9251968503937008	0.889763779527559	0.6732283464566929	0.9173228346456693	0.8779527559055118	0.6692913385826772	
F + 1 	19	2280	0.963157894736842	15.0	0.9251968503937008	0.889763779527559	0.6732283464566929	
	19	2280	0.9653289473684209	14.95	0.8779527559055118	0.8582677165354331	0.6732283464566929	0.9649122807017544	15	0.9173228346456693	0.905511811023622	0.6732283464566929	0.9173228346456693	0.8937007874015748	0.6692913385826772	
F + 1 	20	2280	0.9653289473684209	14.95	0.8779527559055118	0.8582677165354331	0.6732283464566929	
	20	2280	0.9657894736842108	15.0	0.8818897637795275	0.8543307086614174	0.6771653543307087	0.9653508771929824	15	0.9173228346456693	0.9015748031496063	0.6732283464566929	0.9173228346456693	0.889763779527559	0.65748031496063	
F + 1 	21	2280	0.9657894736842108	15.0	0.8818897637795275	0.8543307086614174	0.6771653543307087	
	21	2280	0.9662280701754385	15.0	0.9173228346456693	0.8976377952755905	0.6732283464566929	0.9653508771929824	15	0.9173228346456693	0.9015748031496063	0.6732283464566929	0.9173228346456693	0.8937007874015748	0.6614173228346457	
F + 2 	23	2280	0.9662280701754385	15.0	0.9173228346456693	0.8976377952755905	0.6732283464566929	
	23	2280	0.9675438596491228	15.0	0.9133858267716536	0.8740157480314961	0.6771653543307087	0.9649122807017544	15	0.9173228346456693	0.9015748031496063	0.6771653543307087	0.9173228346456693	0.8937007874015748	0.6535433070866141	
F + 3 	26	2280	0.9675438596491228	15.0	0.9133858267716536	0.8740157480314961	0.6771653543307087	
	26	2280	0.9675438596491228	15.0	0.9133858267716536	0.8740157480314961	0.6771653543307087	0.9649122807017544	15	0.9173228346456693	0.9015748031496063	0.6771653543307087	0.9212598425196851	0.8976377952755905	0.6771653543307087	
F + 3 	29	2280	0.9675438596491228	15.0	0.9133858267716536	0.8740157480314961	0.6771653543307087	
	29	2280	0.9711622807017541	15.0	0.9094488188976378	0.8818897637795275	0.6929133858267716	0.9706140350877193	15	0.9094488188976378	0.8937007874015748	0.6850393700787402	0.9133858267716536	0.8976377952755905	0.6771653543307087	
F + 2 	31	2280	0.9711622807017541	15.0	0.9094488188976378	0.8818897637795275	0.6929133858267716	
	31	2280	0.971688596491228	15.0	0.9133858267716536	0.8937007874015748	0.6968503937007874	0.9714912280701754	15	0.9133858267716536	0.905511811023622	0.7007874015748031	0.9173228346456693	0.889763779527559	0.6771653543307087	
F + 2 	33	2280	0.971688596491228	15.0	0.9133858267716536	0.8937007874015748	0.6929133858267716	
	33	2280	0.9770614035087721	15.0	0.9251968503937008	0.9133858267716536	0.6968503937007874	0.9767543859649123	15	0.9094488188976378	0.8937007874015748	0.7125984251968503	0.9133858267716536	0.9173228346456693	0.6732283464566929	
F + 2 	35	2280	0.9770614035087721	15.0	0.9212598425196851	0.9133858267716536	0.6968503937007874	
	35	2280	0.9801315789473684	15.0	0.905511811023622	0.905511811023622	0.6968503937007874	0.9793859649122807	15	0.9251968503937008	0.9094488188976378	0.7086614173228346	0.9094488188976378	0.905511811023622	0.6653543307086615	
F + 3 	38	2280	0.9801315789473684	15.0	0.905511811023622	0.905511811023622	0.6889763779527559	
	38	2280	0.981666666666667	15.0	0.9212598425196851	0.9212598425196851	0.7283464566929134	0.981140350877193	15	0.9212598425196851	0.9251968503937008	0.7086614173228346	0.9094488188976378	0.9015748031496063	0.6692913385826772	
F + 3 	41	2280	0.981666666666667	15.0	0.9212598425196851	0.9212598425196851	0.7362204724409449	
	41	2280	0.9850219298245614	15.0	0.9212598425196851	0.9173228346456693	0.7204724409448819	0.9833333333333333	15	0.9251968503937008	0.9133858267716536	0.7086614173228346	0.9094488188976378	0.9015748031496063	0.6771653543307087	
F + 4 	45	2280	0.9850219298245614	15.0	0.9212598425196851	0.9173228346456693	0.7244094488188977	
	45	2280	0.9861622807017543	15.0	0.9212598425196851	0.905511811023622	0.7322834645669292	0.9842105263157894	15	0.905511811023622	0.9015748031496063	0.7322834645669292	0.9094488188976378	0.905511811023622	0.6732283464566929	
F + 5 	50	2280	0.9861622807017543	15.0	0.9212598425196851	0.905511811023622	0.7283464566929134	
	50	2280	0.9901096491228071	15.0	0.9173228346456693	0.905511811023622	0.7204724409448819	0.9881578947368421	15	0.905511811023622	0.8937007874015748	0.7362204724409449	0.9015748031496063	0.9015748031496063	0.6732283464566929	
F + 5 	55	2280	0.9901096491228071	15.0	0.9133858267716536	0.9094488188976378	0.7204724409448819	
	55	2280	0.991842105263158	15.0	0.9133858267716536	0.9015748031496063	0.7283464566929134	0.9890350877192983	15	0.9173228346456693	0.8976377952755905	0.7401574803149606	0.8937007874015748	0.905511811023622	0.65748031496063	
F + 5 	60	2280	0.991842105263158	15.0	0.9133858267716536	0.9015748031496063	0.7362204724409449	
	60	2280	0.9924342105263154	15.0	0.9291338582677166	0.8976377952755905	0.7244094488188977	0.9881578947368421	15	0.9133858267716536	0.8976377952755905	0.7362204724409449	0.889763779527559	0.9173228346456693	0.6535433070866141	
F + 11 	71	2280	0.9924342105263154	15.0	0.9251968503937008	0.8976377952755905	0.7283464566929134	
	71	2280	0.9973464912280701	15.0	0.9133858267716536	0.9094488188976378	0.7952755905511811	0.9956140350877193	15	0.9173228346456693	0.8937007874015748	0.7834645669291339	0.9291338582677166	0.9094488188976378	0.6653543307086615	
