Data Set	ozone	
CFS	Feature	Instance	CFS Merit	CFS Size	C4.5	NN	NB	Merit	Size	C4.5	NN	NB	C4.5	NN	NB	
	73	456	0.18542313710181707	31.7	0.9015748031496063	0.8858267716535433	0.6653543307086615	0.05657478322697002	72	0.889763779527559	0.8740157480314961	0.6614173228346457	0.889763779527559	0.8740157480314961	0.6614173228346457	
I + 81 	73	537	0.15083659579440378	31.7	0.9015748031496063	0.8858267716535433	0.6811023622047244	
	73	537	0.18032520608445324	29.75	0.9015748031496063	0.8937007874015748	0.6929133858267716	0.05612066550260035	72	0.9212598425196851	0.8818897637795275	0.6811023622047244	0.9212598425196851	0.8818897637795275	0.6811023622047244	
I + 89 	73	626	0.17459824287739825	29.75	0.9015748031496063	0.8976377952755905	0.6889763779527559	
	73	626	0.18169572799745207	28.15	0.9212598425196851	0.8937007874015748	0.7244094488188977	0.07312230044440046	72	0.9015748031496063	0.8858267716535433	0.6811023622047244	0.9015748031496063	0.8858267716535433	0.6811023622047244	
I + 85 	73	711	0.17434426535015407	28.15	0.9015748031496063	0.8937007874015748	0.7322834645669292	
	73	711	0.17905353403715935	28.15	0.9212598425196851	0.9015748031496063	0.7362204724409449	0.077107142791441	72	0.9094488188976378	0.8858267716535433	0.6968503937007874	0.9094488188976378	0.8858267716535433	0.6968503937007874	
I + 80 	73	791	0.16367777495833782	28.15	0.9251968503937008	0.905511811023622	0.7125984251968503	
	73	791	0.16886026529958903	28.7	0.9212598425196851	0.9015748031496063	0.7244094488188977	0.07138370710875756	72	0.905511811023622	0.8858267716535433	0.6771653543307087	0.905511811023622	0.8858267716535433	0.6771653543307087	
I + 59 	73	850	0.14116623490671315	28.7	0.8858267716535433	0.8937007874015748	0.7204724409448819	
	73	850	0.16735225242048407	28.5	0.9133858267716536	0.8976377952755905	0.7283464566929134	0.07352880165644081	72	0.905511811023622	0.8700787401574803	0.6811023622047244	0.905511811023622	0.8700787401574803	0.6811023622047244	
I + 100 	73	950	0.1422003921313516	28.5	0.9133858267716536	0.9015748031496063	0.7244094488188977	
	73	950	0.14620142823743754	28.65	0.9173228346456693	0.8937007874015748	0.7322834645669292	0.06336381738691621	72	0.8976377952755905	0.8937007874015748	0.6811023622047244	0.8976377952755905	0.8937007874015748	0.6811023622047244	
I + 69 	73	1019	0.13548237042957728	28.65	0.9212598425196851	0.9015748031496063	0.7283464566929134	
	73	1019	0.14085328602144837	28.8	0.9251968503937008	0.905511811023622	0.7244094488188977	0.06079758497404279	72	0.937007874015748	0.8976377952755905	0.6889763779527559	0.937007874015748	0.8976377952755905	0.6889763779527559	
I + 88 	73	1107	0.1368784965454332	28.8	0.9212598425196851	0.9015748031496063	0.7283464566929134	
	73	1107	0.14292569131675364	27.5	0.9173228346456693	0.8976377952755905	0.7283464566929134	0.06504606911701152	72	0.9015748031496063	0.9094488188976378	0.6811023622047244	0.9015748031496063	0.9094488188976378	0.6811023622047244	
I + 61 	73	1168	0.13383321559540812	27.5	0.9015748031496063	0.9094488188976378	0.7283464566929134	
	73	1168	0.13799648378418317	27.25	0.905511811023622	0.9173228346456693	0.7283464566929134	0.07091249515849939	72	0.9212598425196851	0.9133858267716536	0.6692913385826772	0.9212598425196851	0.9133858267716536	0.6692913385826772	
I + 69 	73	1237	0.10300736081204558	27.25	0.9291338582677166	0.9173228346456693	0.7204724409448819	
	73	1237	0.13310516787036725	27.6	0.9015748031496063	0.9173228346456693	0.7165354330708661	0.06491779367482688	72	0.9015748031496063	0.9173228346456693	0.6653543307086615	0.9015748031496063	0.9173228346456693	0.6653543307086615	
I + 91 	73	1328	0.12664886198203607	27.6	0.9173228346456693	0.9173228346456693	0.7165354330708661	
	73	1328	0.12970930383832172	27.5	0.9173228346456693	0.9094488188976378	0.7204724409448819	0.06124472817513868	72	0.905511811023622	0.9251968503937008	0.6653543307086615	0.905511811023622	0.9251968503937008	0.6653543307086615	
I + 80 	73	1408	0.12672520428435524	27.5	0.9094488188976378	0.9094488188976378	0.7165354330708661	
	73	1408	0.12787634823788258	26.65	0.905511811023622	0.889763779527559	0.7204724409448819	0.06349227122827843	72	0.8976377952755905	0.9133858267716536	0.6614173228346457	0.8976377952755905	0.9133858267716536	0.6614173228346457	
I + 62 	73	1470	0.1245908789112167	26.65	0.8937007874015748	0.8858267716535433	0.7165354330708661	
	73	1470	0.1259409439915111	26.35	0.9173228346456693	0.9094488188976378	0.7165354330708661	0.06544841427525358	72	0.937007874015748	0.9133858267716536	0.6614173228346457	0.937007874015748	0.9133858267716536	0.6614173228346457	
I + 72 	73	1542	0.11625994236418233	26.35	0.9330708661417323	0.905511811023622	0.7125984251968503	
	73	1542	0.11737719427525879	25.65	0.9251968503937008	0.9094488188976378	0.7125984251968503	0.06036896205666494	72	0.9094488188976378	0.9094488188976378	0.6614173228346457	0.9094488188976378	0.9094488188976378	0.6614173228346457	
I + 87 	73	1629	0.11152108096894549	25.65	0.9251968503937008	0.9094488188976378	0.7244094488188977	
	73	1629	0.11261635982565317	26.35	0.937007874015748	0.9094488188976378	0.7165354330708661	0.05425639524950811	72	0.905511811023622	0.905511811023622	0.65748031496063	0.905511811023622	0.905511811023622	0.65748031496063	
I + 133 	73	1762	0.11270198459078148	26.35	0.9291338582677166	0.9094488188976378	0.7204724409448819	
	73	1762	0.11405309490620492	25.65	0.9094488188976378	0.9133858267716536	0.7165354330708661	0.06357466645157046	72	0.9212598425196851	0.9094488188976378	0.6614173228346457	0.9212598425196851	0.9094488188976378	0.6614173228346457	
I + 170 	73	1932	0.11350531631380253	25.65	0.9291338582677166	0.9094488188976378	0.7165354330708661	
	73	1932	0.11560003766893676	25.9	0.9251968503937008	0.9173228346456693	0.7165354330708661	0.06475380482856542	72	0.937007874015748	0.9094488188976378	0.6614173228346457	0.937007874015748	0.9094488188976378	0.6614173228346457	
I + 173 	73	2105	0.11210167712325492	25.9	0.9173228346456693	0.9212598425196851	0.7204724409448819	
	73	2105	0.11311795736372462	25.55	0.9133858267716536	0.9251968503937008	0.7204724409448819	0.056798434629482766	72	0.9409448818897638	0.9094488188976378	0.6614173228346457	0.9409448818897638	0.9094488188976378	0.6614173228346457	
I + 89 	73	2194	0.1072000816664013	25.55	0.9291338582677166	0.9251968503937008	0.7244094488188977	
	73	2194	0.10806060927595613	25.7	0.9173228346456693	0.9133858267716536	0.7244094488188977	0.05521122887521975	72	0.9133858267716536	0.9094488188976378	0.6614173228346457	0.9133858267716536	0.9094488188976378	0.6614173228346457	

Data Set	ozone	
PCFS	Feature	Instance	PCFS Merit	PCFS Size	C4.5	NN	NB	Merit	Size	C4.5	NN	NB	C4.5	NN	NB	
	73	456	0.993421052631579	22.75	0.9173228346456693	0.8976377952755905	0.6771653543307087	0.993421052631579	72	0.889763779527559	0.8740157480314961	0.6614173228346457	0.889763779527559	0.8740157480314961	0.6614173228346457	
I + 81 	73	537	0.9800744878957168	22.75	0.9251968503937008	0.8858267716535433	0.6929133858267716	
	73	537	0.9944134078212287	24.35	0.9251968503937008	0.905511811023622	0.6771653543307087	0.994413407821229	72	0.9212598425196851	0.8818897637795275	0.6811023622047244	0.9212598425196851	0.8818897637795275	0.6811023622047244	
I + 89 	73	626	0.9871405750798722	24.35	0.937007874015748	0.9133858267716536	0.6850393700787402	
	73	626	0.9904153354632588	21.5	0.9251968503937008	0.905511811023622	0.6850393700787402	0.9904153354632588	72	0.9015748031496063	0.8858267716535433	0.6811023622047244	0.9015748031496063	0.8858267716535433	0.6811023622047244	
I + 85 	73	711	0.9883263009845289	21.5	0.9173228346456693	0.905511811023622	0.6929133858267716	
	73	711	0.9971870604782002	23.95	0.9133858267716536	0.9212598425196851	0.6968503937007874	0.9971870604781997	72	0.9094488188976378	0.8858267716535433	0.6968503937007874	0.9094488188976378	0.8858267716535433	0.6968503937007874	
I + 80 	73	791	0.9943742098609356	23.95	0.9212598425196851	0.9173228346456693	0.6850393700787402	
	73	791	0.9987357774968398	23.2	0.9133858267716536	0.9133858267716536	0.6968503937007874	0.9987357774968394	72	0.905511811023622	0.8858267716535433	0.6771653543307087	0.905511811023622	0.8858267716535433	0.6771653543307087	
I + 59 	73	850	0.9918235294117645	23.2	0.9173228346456693	0.9133858267716536	0.7007874015748031	
	73	850	0.9988235294117647	23.3	0.9173228346456693	0.9173228346456693	0.7204724409448819	0.9988235294117647	72	0.905511811023622	0.8700787401574803	0.6811023622047244	0.905511811023622	0.8700787401574803	0.6811023622047244	
I + 100 	73	950	0.9982105263157897	23.3	0.9291338582677166	0.9251968503937008	0.7204724409448819	
	73	950	0.9989473684210528	21.55	0.9212598425196851	0.9133858267716536	0.6968503937007874	0.9989473684210526	72	0.8976377952755905	0.8937007874015748	0.6811023622047244	0.8976377952755905	0.8937007874015748	0.6811023622047244	
I + 69 	73	1019	0.9961236506378803	21.55	0.9291338582677166	0.9212598425196851	0.7125984251968503	
	73	1019	0.9980372914622178	21.85	0.9330708661417323	0.9173228346456693	0.7204724409448819	0.9980372914622179	72	0.937007874015748	0.8976377952755905	0.6889763779527559	0.937007874015748	0.8976377952755905	0.6889763779527559	
I + 88 	73	1107	0.996386630532972	21.85	0.9330708661417323	0.9251968503937008	0.7244094488188977	
	73	1107	1.0	23.7	0.9212598425196851	0.9251968503937008	0.7204724409448819	1.0	26	0.9251968503937008	0.8858267716535433	0.6889763779527559	0.9015748031496063	0.9094488188976378	0.6811023622047244	
I + 61 	73	1168	0.9985873287671231	23.7	0.937007874015748	0.9212598425196851	0.7204724409448819	
	73	1168	0.999143835616438	21.6	0.9291338582677166	0.9015748031496063	0.7283464566929134	0.9991438356164384	72	0.9212598425196851	0.9133858267716536	0.6692913385826772	0.9212598425196851	0.9133858267716536	0.6692913385826772	
I + 69 	73	1237	0.995109135004042	21.6	0.9212598425196851	0.905511811023622	0.7283464566929134	
	73	1237	0.9983831851253026	25.6	0.9212598425196851	0.9212598425196851	0.7125984251968503	0.9983831851253031	72	0.9015748031496063	0.9173228346456693	0.6653543307086615	0.9015748031496063	0.9173228346456693	0.6653543307086615	
I + 91 	73	1328	0.9967996987951805	25.6	0.9251968503937008	0.9251968503937008	0.7125984251968503	
	73	1328	0.9984939759036141	24.15	0.9291338582677166	0.9251968503937008	0.7244094488188977	0.9984939759036144	72	0.905511811023622	0.9251968503937008	0.6653543307086615	0.905511811023622	0.9251968503937008	0.6653543307086615	
I + 80 	73	1408	0.9974786931818181	24.15	0.9212598425196851	0.937007874015748	0.7244094488188977	
	73	1408	0.9985795454545453	23.75	0.9212598425196851	0.9330708661417323	0.7204724409448819	0.9985795454545454	72	0.8976377952755905	0.9133858267716536	0.6614173228346457	0.8976377952755905	0.9133858267716536	0.6614173228346457	
I + 62 	73	1470	0.9981632653061224	23.75	0.9173228346456693	0.9330708661417323	0.7165354330708661	
	73	1470	0.9986394557823128	23.05	0.9173228346456693	0.9212598425196851	0.6929133858267716	0.998639455782313	72	0.937007874015748	0.9133858267716536	0.6614173228346457	0.937007874015748	0.9133858267716536	0.6614173228346457	
I + 72 	73	1542	0.9963683527885863	23.05	0.9291338582677166	0.9251968503937008	0.6929133858267716	
	73	1542	0.9980544747081709	23.55	0.9291338582677166	0.9173228346456693	0.7007874015748031	0.9980544747081712	72	0.9094488188976378	0.9094488188976378	0.6614173228346457	0.9094488188976378	0.9094488188976378	0.6614173228346457	
I + 87 	73	1629	0.9958256599140579	23.55	0.9251968503937008	0.9133858267716536	0.7007874015748031	
	73	1629	0.9981583793738491	26.15	0.9212598425196851	0.905511811023622	0.6968503937007874	0.998158379373849	72	0.905511811023622	0.905511811023622	0.65748031496063	0.905511811023622	0.905511811023622	0.65748031496063	
I + 133 	73	1762	0.9965380249716231	26.15	0.9251968503937008	0.9133858267716536	0.7007874015748031	
	73	1762	1.0	27.75	0.9291338582677166	0.8937007874015748	0.6889763779527559	1.0	26	0.905511811023622	0.9094488188976378	0.7086614173228346	0.9212598425196851	0.9094488188976378	0.6614173228346457	
I + 170 	73	1932	0.9976708074534162	27.75	0.9212598425196851	0.9094488188976378	0.6889763779527559	
	73	1932	0.9994824016563146	27.7	0.9133858267716536	0.9173228346456693	0.6811023622047244	0.9994824016563147	72	0.937007874015748	0.9094488188976378	0.6614173228346457	0.937007874015748	0.9094488188976378	0.6614173228346457	
I + 173 	73	2105	0.9983610451306413	27.7	0.9173228346456693	0.9133858267716536	0.6889763779527559	
	73	2105	0.9995249406175774	26.7	0.9251968503937008	0.9133858267716536	0.7007874015748031	0.9995249406175772	72	0.9409448818897638	0.9094488188976378	0.6614173228346457	0.9409448818897638	0.9094488188976378	0.6614173228346457	
I + 89 	73	2194	0.9988149498632634	26.7	0.9173228346456693	0.905511811023622	0.7007874015748031	
	73	2194	0.9995442114858705	24.8	0.9291338582677166	0.9133858267716536	0.7007874015748031	0.9995442114858706	72	0.9133858267716536	0.9094488188976378	0.6614173228346457	0.9133858267716536	0.9094488188976378	0.6614173228346457	
