Data Set	ozone	
CFS	Feature	Instance	CFS Merit	CFS Size	C4.5	NN	NB	Merit	Size	C4.5	NN	NB	C4.5	NN	NB	
	73	2280	0.10564310624965371	29.5	0.9133858267716536	0.9094488188976378	0.7204724409448819	0.05780901845520264	72	0.9291338582677166	0.9094488188976378	0.6653543307086615	0.9291338582677166	0.9094488188976378	0.6653543307086615	
F - 1 	72	2280	0.10567185618694674	29.45	0.9212598425196851	0.9015748031496063	0.7204724409448819	
	72	2280	0.10665228538002276	27.65	0.9094488188976378	0.9094488188976378	0.7204724409448819	0.05779895377273654	71	0.9291338582677166	0.9094488188976378	0.6653543307086615	0.9291338582677166	0.9094488188976378	0.6653543307086615	
F - 3 	69	2280	0.10648967663225559	25.8	0.9212598425196851	0.9015748031496063	0.7125984251968503	
	69	2280	0.10719922798546674	25.0	0.9094488188976378	0.8976377952755905	0.7086614173228346	0.05650905404928398	68	0.9173228346456693	0.905511811023622	0.6614173228346457	0.9173228346456693	0.905511811023622	0.6614173228346457	
F - 2 	67	2280	0.1064414466987487	24.0	0.9094488188976378	0.9094488188976378	0.7086614173228346	
	67	2280	0.10685582716375852	23.35	0.9212598425196851	0.905511811023622	0.7204724409448819	0.05560714069140184	66	0.9212598425196851	0.9015748031496063	0.6614173228346457	0.9212598425196851	0.9015748031496063	0.6614173228346457	
F - 2 	65	2280	0.10685582716375852	23.35	0.9173228346456693	0.905511811023622	0.7204724409448819	
	65	2280	0.1069817075029372	23.4	0.9173228346456693	0.905511811023622	0.7204724409448819	0.05562482820144452	64	0.9212598425196851	0.9133858267716536	0.6614173228346457	0.9212598425196851	0.9133858267716536	0.6614173228346457	
F - 2 	63	2280	0.1064773499653334	22.4	0.9173228346456693	0.9094488188976378	0.7086614173228346	
	63	2280	0.10672100617085314	22.65	0.9173228346456693	0.905511811023622	0.7165354330708661	0.054702707256148286	62	0.9212598425196851	0.905511811023622	0.6496062992125984	0.9212598425196851	0.905511811023622	0.6496062992125984	
F - 2 	61	2280	0.10672100617085314	22.65	0.9173228346456693	0.905511811023622	0.7165354330708661	
	61	2280	0.10686309336440929	22.3	0.9173228346456693	0.9094488188976378	0.7165354330708661	0.053650476221646606	60	0.9212598425196851	0.9094488188976378	0.6535433070866141	0.9212598425196851	0.9094488188976378	0.6535433070866141	
F - 3 	58	2280	0.1063346803540813	21.2	0.9094488188976378	0.905511811023622	0.7086614173228346	
	58	2280	0.10657167832720651	21.6	0.9094488188976378	0.905511811023622	0.7047244094488189	0.05638192465978345	57	0.9212598425196851	0.9094488188976378	0.6496062992125984	0.9212598425196851	0.9094488188976378	0.6496062992125984	
F - 2 	56	2280	0.10591494221112516	20.6	0.9015748031496063	0.9015748031496063	0.7165354330708661	
	56	2280	0.10624746155275466	20.8	0.9015748031496063	0.905511811023622	0.7086614173228346	0.05555003452767311	55	0.9133858267716536	0.9094488188976378	0.65748031496063	0.9133858267716536	0.9094488188976378	0.65748031496063	
F - 2 	54	2280	0.10617948772845318	20.1	0.9015748031496063	0.905511811023622	0.7204724409448819	
	54	2280	0.10631697700143805	19.85	0.905511811023622	0.9133858267716536	0.7204724409448819	0.054592088101830076	53	0.9133858267716536	0.9094488188976378	0.65748031496063	0.9133858267716536	0.9094488188976378	0.65748031496063	
F - 3 	51	2280	0.10465272355500892	18.6	0.905511811023622	0.9173228346456693	0.7204724409448819	
	51	2280	0.10605161777343435	19.9	0.9015748031496063	0.9094488188976378	0.7165354330708661	0.053615294790134375	50	0.9094488188976378	0.905511811023622	0.6692913385826772	0.9094488188976378	0.905511811023622	0.6692913385826772	
F - 2 	49	2280	0.10391258010165771	17.9	0.9015748031496063	0.9133858267716536	0.7244094488188977	
	49	2280	0.10398321655011197	17.85	0.9015748031496063	0.9133858267716536	0.7244094488188977	0.05236495836745773	48	0.9173228346456693	0.905511811023622	0.6614173228346457	0.9173228346456693	0.905511811023622	0.6614173228346457	
F - 5 	44	2280	0.10290091802349555	16.85	0.905511811023622	0.9133858267716536	0.7165354330708661	
	44	2280	0.10300545641243668	16.35	0.905511811023622	0.9133858267716536	0.7204724409448819	0.04951125671803505	43	0.9094488188976378	0.9133858267716536	0.6811023622047244	0.9094488188976378	0.9133858267716536	0.6811023622047244	
F - 4 	40	2280	0.10279517313888757	14.5	0.9094488188976378	0.889763779527559	0.7244094488188977	
	40	2280	0.1028035597917933	14.45	0.9094488188976378	0.889763779527559	0.7244094488188977	0.048866100161114305	39	0.8937007874015748	0.9133858267716536	0.6811023622047244	0.8937007874015748	0.9133858267716536	0.6811023622047244	
F - 3 	37	2280	0.10264333951061763	13.55	0.9015748031496063	0.8858267716535433	0.7204724409448819	
	37	2280	0.1026698257108574	13.45	0.9173228346456693	0.889763779527559	0.7125984251968503	0.04845429820231028	36	0.8937007874015748	0.9094488188976378	0.6889763779527559	0.8937007874015748	0.9094488188976378	0.6889763779527559	
F - 5 	32	2280	0.09999196177307743	11.45	0.9212598425196851	0.8858267716535433	0.7204724409448819	
	32	2280	0.10018268396791188	12.25	0.9212598425196851	0.889763779527559	0.7244094488188977	0.045883350829251	31	0.937007874015748	0.9094488188976378	0.6968503937007874	0.937007874015748	0.9094488188976378	0.6968503937007874	
F - 7 	25	2280	0.08998925553980464	8.85	0.9212598425196851	0.8976377952755905	0.7322834645669292	
	25	2280	0.09107358005632865	12.0	0.9173228346456693	0.9015748031496063	0.7283464566929134	0.04518722816168411	24	0.9212598425196851	0.9094488188976378	0.7007874015748031	0.9212598425196851	0.9094488188976378	0.7007874015748031	
F - 4 	21	2280	0.08887635717390868	10.0	0.9173228346456693	0.9094488188976378	0.7283464566929134	
	21	2280	0.08916022826708629	8.15	0.9212598425196851	0.9015748031496063	0.7283464566929134	0.05011302722687443	20	0.9212598425196851	0.9015748031496063	0.6968503937007874	0.9212598425196851	0.9015748031496063	0.6968503937007874	
F - 9 	14	2280	0.07764206627991974	4.65	0.9133858267716536	0.9015748031496063	0.8582677165354331	
	14	2280	0.07885261867065155	6.0	0.9133858267716536	0.8740157480314961	0.7913385826771654	0.0490307588933579	13	0.905511811023622	0.9094488188976378	0.7204724409448819	0.905511811023622	0.9094488188976378	0.7204724409448819	
F - 13 	14	2280	0.07885261867065155	6.0	0.9133858267716536	0.8740157480314961	0.7913385826771654	
	14	2280	0.07885261867065155	6.0	0.9133858267716536	0.8740157480314961	0.7913385826771654	0.0490307588933579	13	0.905511811023622	0.9094488188976378	0.7204724409448819	0.905511811023622	0.9094488188976378	0.7204724409448819	

Data Set	ozone	
PCFS	Feature	Instance	PCFS Merit	PCFS Size	C4.5	NN	NB	Merit	Size	C4.5	NN	NB	C4.5	NN	NB	
	73	2280	1.0	25.5	0.9251968503937008	0.9094488188976378	0.7204724409448819	1.0	61	0.9251968503937008	0.9094488188976378	0.6417322834645669	0.9291338582677166	0.9094488188976378	0.6653543307086615	
F - 1 	72	2280	0.9996929824561404	24.85	0.9251968503937008	0.905511811023622	0.7204724409448819	
	72	2280	1.0	23.35	0.9173228346456693	0.9212598425196851	0.7204724409448819	1.0	23	0.905511811023622	0.9133858267716536	0.7480314960629921	0.9291338582677166	0.9094488188976378	0.6653543307086615	
F - 3 	69	2280	0.9991447368421053	22.35	0.9133858267716536	0.9173228346456693	0.7204724409448819	
	69	2280	1.0	22.45	0.9094488188976378	0.9212598425196851	0.7283464566929134	1.0	22	0.9212598425196851	0.9015748031496063	0.6968503937007874	0.9173228346456693	0.905511811023622	0.6614173228346457	
F - 2 	67	2280	1.0	22.3	0.9094488188976378	0.9212598425196851	0.7283464566929134	
	67	2280	1.0	21.65	0.9173228346456693	0.9291338582677166	0.7204724409448819	1.0	22	0.9212598425196851	0.9015748031496063	0.6968503937007874	0.9212598425196851	0.9015748031496063	0.6614173228346457	
F - 2 	65	2280	1.0	21.45	0.9212598425196851	0.9212598425196851	0.7283464566929134	
	65	2280	1.0	20.9	0.9133858267716536	0.9330708661417323	0.7322834645669292	1.0	22	0.9133858267716536	0.8976377952755905	0.7047244094488189	0.9212598425196851	0.9133858267716536	0.6614173228346457	
F - 2 	63	2280	0.9983333333333334	19.75	0.9173228346456693	0.937007874015748	0.7401574803149606	
	63	2280	1.0	23.1	0.9173228346456693	0.9291338582677166	0.7086614173228346	1.0	21	0.9212598425196851	0.8976377952755905	0.7165354330708661	0.9212598425196851	0.905511811023622	0.6496062992125984	
F - 2 	61	2280	0.9994736842105262	22.3	0.9094488188976378	0.9330708661417323	0.7125984251968503	
	61	2280	1.0	21.85	0.905511811023622	0.9133858267716536	0.7283464566929134	1.0	21	0.9212598425196851	0.8976377952755905	0.7165354330708661	0.9212598425196851	0.9094488188976378	0.6535433070866141	
F - 3 	58	2280	0.999671052631579	21.35	0.905511811023622	0.9251968503937008	0.7244094488188977	
	58	2280	1.0	21.3	0.9133858267716536	0.9251968503937008	0.7244094488188977	1.0	21	0.9212598425196851	0.8976377952755905	0.7165354330708661	0.9212598425196851	0.9094488188976378	0.6496062992125984	
F - 2 	56	2280	0.9998684210526315	21.05	0.9015748031496063	0.9212598425196851	0.7244094488188977	
	56	2280	1.0	20.9	0.9133858267716536	0.9212598425196851	0.7362204724409449	1.0	20	0.9015748031496063	0.9133858267716536	0.7047244094488189	0.9133858267716536	0.9094488188976378	0.65748031496063	
F - 2 	54	2280	0.9984429824561403	19.5	0.9173228346456693	0.9212598425196851	0.7598425196850394	
	54	2280	1.0	21.55	0.905511811023622	0.9212598425196851	0.7322834645669292	1.0	20	0.9015748031496063	0.9133858267716536	0.7047244094488189	0.9133858267716536	0.9094488188976378	0.65748031496063	
F - 3 	51	2280	0.9999780701754386	21.4	0.905511811023622	0.9173228346456693	0.7401574803149606	
	51	2280	1.0	20.45	0.9094488188976378	0.9094488188976378	0.7480314960629921	1.0	20	0.9015748031496063	0.9133858267716536	0.7047244094488189	0.9094488188976378	0.905511811023622	0.6692913385826772	
F - 2 	49	2280	0.9972587719298247	18.8	0.9015748031496063	0.9173228346456693	0.7598425196850394	
	49	2280	0.9995614035087715	22.05	0.9173228346456693	0.9094488188976378	0.7362204724409449	0.999561403508772	48	0.9173228346456693	0.905511811023622	0.6614173228346457	0.9173228346456693	0.905511811023622	0.6614173228346457	
F - 5 	44	2280	0.9978070175438596	20.45	0.9173228346456693	0.9133858267716536	0.7362204724409449	
	44	2280	0.9995614035087715	21.8	0.905511811023622	0.8976377952755905	0.7401574803149606	0.999561403508772	43	0.9094488188976378	0.9133858267716536	0.6811023622047244	0.9094488188976378	0.9133858267716536	0.6811023622047244	
F - 4 	40	2280	0.9916008771929825	18.15	0.905511811023622	0.905511811023622	0.7480314960629921	
	40	2280	0.9986842105263157	23.35	0.905511811023622	0.9094488188976378	0.7244094488188977	0.9986842105263158	39	0.8937007874015748	0.9133858267716536	0.6811023622047244	0.8937007874015748	0.9133858267716536	0.6811023622047244	
F - 3 	37	2280	0.9961184210526317	21.35	0.9015748031496063	0.9094488188976378	0.7283464566929134	
	37	2280	0.9978070175438598	23.1	0.9015748031496063	0.9212598425196851	0.7047244094488189	0.9978070175438597	36	0.8937007874015748	0.9094488188976378	0.6889763779527559	0.8937007874015748	0.9094488188976378	0.6889763779527559	
F - 5 	32	2280	0.9912719298245614	18.15	0.9094488188976378	0.9133858267716536	0.7086614173228346	
	32	2280	0.9960526315789476	22.0	0.9212598425196851	0.8976377952755905	0.7086614173228346	0.9960526315789474	31	0.937007874015748	0.9094488188976378	0.6968503937007874	0.937007874015748	0.9094488188976378	0.6968503937007874	
F - 7 	25	2280	0.9767543859649125	16.0	0.905511811023622	0.905511811023622	0.6968503937007874	
	25	2280	0.9793859649122808	17.0	0.8976377952755905	0.9015748031496063	0.7362204724409449	0.9793859649122807	24	0.9212598425196851	0.9094488188976378	0.7007874015748031	0.9212598425196851	0.9094488188976378	0.7007874015748031	
F - 4 	21	2280	0.9675438596491228	13.0	0.9015748031496063	0.8858267716535433	0.7244094488188977	
	21	2280	0.968421052631579	15.0	0.8818897637795275	0.8779527559055118	0.7165354330708661	0.968421052631579	20	0.9212598425196851	0.9015748031496063	0.6968503937007874	0.9212598425196851	0.9015748031496063	0.6968503937007874	
F - 9 	14	2280	0.9491228070175438	9.0	0.8937007874015748	0.8740157480314961	0.7755905511811023	
	14	2280	0.9495614035087719	10.0	0.9015748031496063	0.8818897637795275	0.7362204724409449	0.9495614035087719	13	0.905511811023622	0.9094488188976378	0.7204724409448819	0.905511811023622	0.9094488188976378	0.7204724409448819	
F - 13 	14	2280	0.9495614035087719	10.0	0.9015748031496063	0.8818897637795275	0.7362204724409449	
	14	2280	0.9495614035087719	10.0	0.9015748031496063	0.8818897637795275	0.7362204724409449	0.9495614035087719	13	0.905511811023622	0.9094488188976378	0.7204724409448819	0.905511811023622	0.9094488188976378	0.7204724409448819	
