Data Set	ozone	
CFS	Feature	Instance	CFS Merit	CFS Size	C4.5	NN	NB	Merit	Size	C4.5	NN	NB	C4.5	NN	NB	
	73	2280	0.10566991187015493	30.05	0.9173228346456693	0.8976377952755905	0.7244094488188977	0.05780901845520264	72	0.9291338582677166	0.9094488188976378	0.6653543307086615	0.9291338582677166	0.9094488188976378	0.6653543307086615	
I - 86 	73	2194	0.09976756115802468	30.05	0.9173228346456693	0.9015748031496063	0.7283464566929134	
	73	2194	0.10948552775044358	28.8	0.9133858267716536	0.9094488188976378	0.7283464566929134	0.05528080660478684	72	0.9133858267716536	0.9094488188976378	0.6653543307086615	0.9133858267716536	0.9094488188976378	0.6653543307086615	
I - 73 	73	2121	0.10785017846369564	28.8	0.9173228346456693	0.9015748031496063	0.7283464566929134	
	73	2121	0.10998552651566751	27.6	0.9133858267716536	0.905511811023622	0.7204724409448819	0.05534053780190856	72	0.9173228346456693	0.9015748031496063	0.6653543307086615	0.9173228346456693	0.9015748031496063	0.6653543307086615	
I - 100 	73	2021	0.1066065502417141	27.6	0.9133858267716536	0.905511811023622	0.7322834645669292	
	73	2021	0.11267978713274429	26.9	0.9094488188976378	0.8976377952755905	0.7283464566929134	0.05459385257747182	72	0.9133858267716536	0.905511811023622	0.6653543307086615	0.9133858267716536	0.905511811023622	0.6653543307086615	
I - 65 	73	1956	0.11410883973384203	26.9	0.9094488188976378	0.9015748031496063	0.7322834645669292	
	73	1956	0.115225071831733	26.7	0.9212598425196851	0.9094488188976378	0.7244094488188977	0.05752647709426968	72	0.9015748031496063	0.905511811023622	0.6653543307086615	0.9015748031496063	0.905511811023622	0.6653543307086615	
I - 118 	73	1838	0.10243465735861164	26.7	0.9173228346456693	0.9133858267716536	0.7283464566929134	
	73	1838	0.11471564975980586	26.8	0.9251968503937008	0.9094488188976378	0.7244094488188977	0.058516503606010295	72	0.9251968503937008	0.905511811023622	0.6653543307086615	0.9251968503937008	0.905511811023622	0.6653543307086615	
I - 128 	73	1710	0.12074092165811712	26.8	0.9212598425196851	0.9133858267716536	0.7362204724409449	
	73	1710	0.12302792189879641	26.4	0.9212598425196851	0.9291338582677166	0.7283464566929134	0.06632597825901583	72	0.9251968503937008	0.9015748031496063	0.6732283464566929	0.9251968503937008	0.9015748031496063	0.6732283464566929	
I - 74 	73	1636	0.12823550825291938	26.4	0.9291338582677166	0.9251968503937008	0.7283464566929134	
	73	1636	0.12868413011410765	25.65	0.9330708661417323	0.9291338582677166	0.7283464566929134	0.06557550779664924	72	0.9015748031496063	0.9015748031496063	0.6732283464566929	0.9015748031496063	0.9015748031496063	0.6732283464566929	
I - 98 	73	1538	0.1304547966709124	25.65	0.937007874015748	0.9251968503937008	0.7283464566929134	
	73	1538	0.13246402829819343	27.3	0.937007874015748	0.9015748031496063	0.7322834645669292	0.06522276629161389	72	0.8976377952755905	0.9015748031496063	0.6732283464566929	0.8976377952755905	0.9015748031496063	0.6732283464566929	
I - 107 	73	1431	0.12284907867414634	27.3	0.9094488188976378	0.9015748031496063	0.7204724409448819	
	73	1431	0.12597878153185624	28.1	0.9094488188976378	0.9133858267716536	0.7204724409448819	0.06159957302838277	72	0.9133858267716536	0.9015748031496063	0.6692913385826772	0.9133858267716536	0.9015748031496063	0.6692913385826772	
I - 81 	73	1350	0.12240454834627787	28.1	0.9133858267716536	0.9212598425196851	0.7165354330708661	
	73	1350	0.12447578021535033	27.95	0.9133858267716536	0.9173228346456693	0.7283464566929134	0.060126569142623904	72	0.9094488188976378	0.9094488188976378	0.6653543307086615	0.9094488188976378	0.9094488188976378	0.6653543307086615	
I - 82 	73	1268	0.12102687688840512	27.95	0.9291338582677166	0.9173228346456693	0.7283464566929134	
	73	1268	0.12282579725188403	28.45	0.9291338582677166	0.9212598425196851	0.7204724409448819	0.05613641626846096	72	0.905511811023622	0.9133858267716536	0.65748031496063	0.905511811023622	0.9133858267716536	0.65748031496063	
I - 123 	73	1145	0.08080022550291785	28.45	0.905511811023622	0.9212598425196851	0.7125984251968503	
	73	1145	0.12397516643562259	29.5	0.905511811023622	0.9015748031496063	0.7047244094488189	0.05335597243805894	72	0.9173228346456693	0.9133858267716536	0.6417322834645669	0.9173228346456693	0.9133858267716536	0.6417322834645669	
I - 110 	73	1035	0.12441047164379959	29.5	0.8976377952755905	0.8976377952755905	0.7125984251968503	
	73	1035	0.12790556755492552	27.45	0.8937007874015748	0.9094488188976378	0.7204724409448819	0.05097960801200436	72	0.9173228346456693	0.9173228346456693	0.6614173228346457	0.9173228346456693	0.9173228346456693	0.6614173228346457	
I - 88 	73	947	0.11593105028617694	27.45	0.9094488188976378	0.905511811023622	0.7165354330708661	
	73	947	0.1294404995694231	27.55	0.9094488188976378	0.9133858267716536	0.7165354330708661	0.04732840980065848	72	0.8976377952755905	0.9173228346456693	0.6535433070866141	0.8976377952755905	0.9173228346456693	0.6535433070866141	
I - 160 	73	787	0.09800310258156611	27.55	0.9133858267716536	0.905511811023622	0.7244094488188977	
	73	787	0.14448265633186624	28.15	0.905511811023622	0.9015748031496063	0.7007874015748031	0.054498656367641424	72	0.9015748031496063	0.9173228346456693	0.6732283464566929	0.9015748031496063	0.9173228346456693	0.6732283464566929	
I - 102 	73	685	0.05690274486736877	28.15	0.8937007874015748	0.8858267716535433	0.6968503937007874	
	73	685	0.13639462860656065	28.1	0.9015748031496063	0.8976377952755905	0.6968503937007874	0.03526107591139056	72	0.9173228346456693	0.9094488188976378	0.6417322834645669	0.9173228346456693	0.9094488188976378	0.6417322834645669	
I - 118 	73	567	0.07349930389307571	28.1	0.8976377952755905	0.8858267716535433	0.6929133858267716	
	73	567	0.13177526457483246	28.85	0.9133858267716536	0.8937007874015748	0.6929133858267716	0.032956669654417146	72	0.9212598425196851	0.9094488188976378	0.6456692913385826	0.9212598425196851	0.9094488188976378	0.6456692913385826	
I - 241 	73	455	0.08169722950210248	28.85	0.889763779527559	0.9015748031496063	0.7125984251968503	
	73	455	0.1525333562950357	29.2	0.889763779527559	0.905511811023622	0.6889763779527559	0.03897598858243007	72	0.9094488188976378	0.9133858267716536	0.6692913385826772	0.9094488188976378	0.9133858267716536	0.6692913385826772	
I - 353 	73	455	0.1525333562950357	29.2	0.889763779527559	0.905511811023622	0.6929133858267716	
	73	455	0.15863911954150334	26.3	0.889763779527559	0.9094488188976378	0.7007874015748031	0.03897598858243007	72	0.9094488188976378	0.9133858267716536	0.6692913385826772	0.9094488188976378	0.9133858267716536	0.6692913385826772	

Data Set	ozone	
PCFS	Feature	Instance	PCFS Merit	PCFS Size	C4.5	NN	NB	Merit	Size	C4.5	NN	NB	C4.5	NN	NB	
	73	2280	1.0	25.7	0.9133858267716536	0.937007874015748	0.7086614173228346	1.0	61	0.9251968503937008	0.9094488188976378	0.6417322834645669	0.9291338582677166	0.9094488188976378	0.6653543307086615	
I - 86 	73	2194	0.9984503190519598	25.7	0.9251968503937008	0.9330708661417323	0.7165354330708661	
	73	2194	0.9995442114858705	24.85	0.9251968503937008	0.9330708661417323	0.7047244094488189	0.9995442114858706	72	0.9133858267716536	0.9094488188976378	0.6653543307086615	0.9133858267716536	0.9094488188976378	0.6653543307086615	
I - 73 	73	2121	0.9985855728429985	24.85	0.9251968503937008	0.9173228346456693	0.7007874015748031	
	73	2121	0.9995285242809995	24.0	0.9330708661417323	0.9173228346456693	0.7007874015748031	0.9995285242809995	72	0.9173228346456693	0.9015748031496063	0.6653543307086615	0.9173228346456693	0.9015748031496063	0.6653543307086615	
I - 100 	73	2021	0.9982434438396834	24.0	0.9173228346456693	0.9133858267716536	0.7007874015748031	
	73	2021	0.9995051954477981	24.85	0.9251968503937008	0.9094488188976378	0.7086614173228346	0.9995051954477981	72	0.9133858267716536	0.905511811023622	0.6653543307086615	0.9133858267716536	0.905511811023622	0.6653543307086615	
I - 65 	73	1956	0.9987474437627814	24.85	0.9094488188976378	0.9173228346456693	0.6968503937007874	
	73	1956	0.9994887525562376	23.75	0.9094488188976378	0.9251968503937008	0.7007874015748031	0.9994887525562373	72	0.9015748031496063	0.905511811023622	0.6653543307086615	0.9015748031496063	0.905511811023622	0.6653543307086615	
I - 118 	73	1838	0.9980685527747551	23.75	0.9330708661417323	0.9173228346456693	0.7007874015748031	
	73	1838	0.9994559303590865	22.3	0.9212598425196851	0.9133858267716536	0.7125984251968503	0.999455930359086	72	0.9251968503937008	0.905511811023622	0.6653543307086615	0.9251968503937008	0.905511811023622	0.6653543307086615	
I - 128 	73	1710	0.9956432748538011	22.3	0.9133858267716536	0.9251968503937008	0.7125984251968503	
	73	1710	0.998245614035088	23.7	0.9212598425196851	0.9212598425196851	0.7165354330708661	0.9982456140350877	72	0.9251968503937008	0.9015748031496063	0.6732283464566929	0.9251968503937008	0.9015748031496063	0.6732283464566929	
I - 74 	73	1636	0.9980134474327629	23.7	0.9094488188976378	0.9291338582677166	0.7165354330708661	
	73	1636	0.9987775061124694	22.5	0.9212598425196851	0.9251968503937008	0.7125984251968503	0.9987775061124694	72	0.9015748031496063	0.9015748031496063	0.6732283464566929	0.9015748031496063	0.9015748031496063	0.6732283464566929	
I - 98 	73	1538	0.998179453836151	22.5	0.9094488188976378	0.9212598425196851	0.7125984251968503	
	73	1538	0.9986996098829654	20.7	0.9212598425196851	0.9251968503937008	0.7283464566929134	0.9986996098829649	72	0.8976377952755905	0.9015748031496063	0.6732283464566929	0.8976377952755905	0.9015748031496063	0.6732283464566929	
I - 107 	73	1431	0.9972047519217329	20.7	0.9094488188976378	0.9212598425196851	0.7204724409448819	
	73	1431	0.9993011879804332	21.8	0.9173228346456693	0.9330708661417323	0.7125984251968503	0.9993011879804332	72	0.9133858267716536	0.9015748031496063	0.6692913385826772	0.9133858267716536	0.9015748031496063	0.6692913385826772	
I - 81 	73	1350	0.9968148148148147	21.8	0.9212598425196851	0.9251968503937008	0.7165354330708661	
	73	1350	0.9985185185185184	21.9	0.905511811023622	0.9212598425196851	0.7086614173228346	0.9985185185185185	72	0.9094488188976378	0.9094488188976378	0.6653543307086615	0.9094488188976378	0.9094488188976378	0.6653543307086615	
I - 82 	73	1268	0.9936908517350156	21.9	0.9251968503937008	0.9291338582677166	0.7204724409448819	
	73	1268	0.997634069400631	23.7	0.9173228346456693	0.9212598425196851	0.6968503937007874	0.9976340694006309	72	0.905511811023622	0.9133858267716536	0.65748031496063	0.905511811023622	0.9133858267716536	0.65748031496063	
I - 123 	73	1145	0.9920960698689957	23.7	0.905511811023622	0.9212598425196851	0.7007874015748031	
	73	1145	0.9982532751091707	25.5	0.905511811023622	0.9173228346456693	0.6889763779527559	0.9982532751091703	72	0.9173228346456693	0.9133858267716536	0.6417322834645669	0.9173228346456693	0.9133858267716536	0.6417322834645669	
I - 110 	73	1035	0.9934782608695653	25.5	0.9173228346456693	0.9212598425196851	0.6811023622047244	
	73	1035	0.9980676328502416	23.95	0.9094488188976378	0.9173228346456693	0.7007874015748031	0.9980676328502416	72	0.9173228346456693	0.9173228346456693	0.6614173228346457	0.9173228346456693	0.9173228346456693	0.6614173228346457	
I - 88 	73	947	0.9936642027455121	23.95	0.905511811023622	0.9251968503937008	0.6929133858267716	
	73	947	0.997888067581837	24.25	0.9094488188976378	0.9133858267716536	0.7007874015748031	0.9978880675818373	72	0.8976377952755905	0.9173228346456693	0.6535433070866141	0.8976377952755905	0.9173228346456693	0.6535433070866141	
I - 160 	73	787	0.9937738246505716	24.25	0.9212598425196851	0.905511811023622	0.7086614173228346	
	73	787	0.9987293519695047	22.45	0.9133858267716536	0.9094488188976378	0.7047244094488189	0.9987293519695044	72	0.9015748031496063	0.9173228346456693	0.6732283464566929	0.9015748031496063	0.9173228346456693	0.6732283464566929	
I - 102 	73	685	0.9840145985401462	22.45	0.9133858267716536	0.905511811023622	0.7086614173228346	
	73	685	0.9970802919708032	23.6	0.9094488188976378	0.8976377952755905	0.6850393700787402	0.997080291970803	72	0.9173228346456693	0.9094488188976378	0.6417322834645669	0.9173228346456693	0.9094488188976378	0.6417322834645669	
I - 118 	73	567	0.9851851851851852	23.6	0.9173228346456693	0.8937007874015748	0.6771653543307087	
	73	567	0.9947089947089947	21.95	0.9251968503937008	0.8976377952755905	0.7007874015748031	0.9947089947089947	72	0.9212598425196851	0.9094488188976378	0.6456692913385826	0.9212598425196851	0.9094488188976378	0.6456692913385826	
I - 241 	73	455	0.9858241758241759	21.95	0.9133858267716536	0.8976377952755905	0.7204724409448819	
	73	455	1.0	21.9	0.9094488188976378	0.8937007874015748	0.7165354330708661	1.0	21	0.8976377952755905	0.889763779527559	0.7047244094488189	0.9094488188976378	0.9133858267716536	0.6692913385826772	
I - 353 	73	455	1.0	21.9	0.905511811023622	0.8976377952755905	0.7165354330708661	
	73	455	1.0	18.65	0.9094488188976378	0.9094488188976378	0.7165354330708661	1.0	21	0.8976377952755905	0.889763779527559	0.7047244094488189	0.9094488188976378	0.9133858267716536	0.6692913385826772	
