Data Set	secom	
CFS	Feature	Instance	CFS Merit	CFS Size	C4.5	NN	NB	Merit	Size	C4.5	NN	NB	C4.5	NN	NB	
	591	1410	0.001677896535238689	302.9	0.9235668789808917	0.9171974522292994	0.3184713375796178	8.60006625236201E-4	590	0.9171974522292994	0.89171974522293	0.2611464968152866	0.9171974522292994	0.89171974522293	0.2611464968152866	
F - 25 	566	1410	0.0017603342074468775	288.8	0.9235668789808917	0.9171974522292994	0.3184713375796178	
	566	1410	0.0017944264711421657	283.3	0.9426751592356688	0.9171974522292994	0.267515923566879	8.981020420104924E-4	565	0.9235668789808917	0.89171974522293	0.2484076433121019	0.9235668789808917	0.89171974522293	0.2484076433121019	
F - 23 	543	1410	0.0018631950428216898	272.9	0.9299363057324841	0.9171974522292994	0.28662420382165604	
	543	1410	0.0018861361661467757	269.6	0.9299363057324841	0.9044585987261147	0.28662420382165604	9.362591649154857E-4	542	0.9235668789808917	0.8980891719745223	0.25477707006369427	0.9235668789808917	0.8980891719745223	0.25477707006369427	
F - 16 	527	1410	0.0018865761754051067	261.2	0.9363057324840764	0.9171974522292994	0.28662420382165604	
	527	1410	0.0019035940437980626	258.85	0.9363057324840764	0.9171974522292994	0.31210191082802546	9.348793316161862E-4	526	0.9235668789808917	0.910828025477707	0.2484076433121019	0.9235668789808917	0.910828025477707	0.2484076433121019	
F - 27 	500	1410	0.002004692777366394	245.9	0.9363057324840764	0.9235668789808917	0.33121019108280253	
	500	1410	0.002018888676404763	244.15	0.9363057324840764	0.910828025477707	0.3057324840764331	9.855286368463422E-4	499	0.9299363057324841	0.8980891719745223	0.2484076433121019	0.9299363057324841	0.8980891719745223	0.2484076433121019	
F - 21 	479	1410	0.002099000731790889	234.9	0.9299363057324841	0.9235668789808917	0.29936305732484075	
	479	1410	0.002111976432730726	233.45	0.9299363057324841	0.9299363057324841	0.2802547770700637	0.0010288865207710586	478	0.9363057324840764	0.8980891719745223	0.2484076433121019	0.9363057324840764	0.8980891719745223	0.2484076433121019	
F - 23 	456	1410	0.0020352428323262796	221.65	0.9299363057324841	0.9235668789808917	0.28662420382165604	
	456	1410	0.0020434330831455355	220.75	0.9299363057324841	0.9299363057324841	0.2929936305732484	9.892175885202964E-4	455	0.9363057324840764	0.9044585987261147	0.2611464968152866	0.9363057324840764	0.9044585987261147	0.2611464968152866	
F - 26 	430	1410	0.0020163026574793862	206.45	0.9363057324840764	0.9299363057324841	0.3248407643312102	
	430	1410	0.0020220605267749115	205.85	0.9299363057324841	0.9299363057324841	0.4012738853503185	9.68277707575882E-4	429	0.9363057324840764	0.89171974522293	0.27388535031847133	0.9363057324840764	0.89171974522293	0.27388535031847133	
F - 20 	410	1410	0.00206930021673152	196.25	0.9299363057324841	0.9235668789808917	0.45222929936305734	
	410	1410	0.0020744912490477255	195.75	0.9299363057324841	0.9171974522292994	0.445859872611465	9.909743713615836E-4	409	0.9235668789808917	0.8726114649681529	0.28662420382165604	0.9235668789808917	0.8726114649681529	0.28662420382165604	
F - 19 	391	1410	0.002049388597611677	186.65	0.9299363057324841	0.9235668789808917	0.445859872611465	
	391	1410	0.0020615745120818414	185.55	0.9299363057324841	0.9171974522292994	0.39490445859872614	9.789565438976904E-4	390	0.9171974522292994	0.8980891719745223	0.267515923566879	0.9171974522292994	0.8980891719745223	0.267515923566879	
F - 35 	356	1410	0.0020619120265856334	169.65	0.9299363057324841	0.9235668789808917	0.40764331210191085	
	356	1410	0.0020834052882121863	167.85	0.9299363057324841	0.9299363057324841	0.42038216560509556	9.828738416384696E-4	355	0.9171974522292994	0.9044585987261147	0.267515923566879	0.9171974522292994	0.9044585987261147	0.267515923566879	
F - 33 	323	1410	0.0022871583664733357	152.95	0.9299363057324841	0.9299363057324841	0.4840764331210191	
	323	1410	0.0023122882466026203	151.3	0.9299363057324841	0.9235668789808917	0.5477707006369427	0.0010837189900773459	322	0.9171974522292994	0.8853503184713376	0.2929936305732484	0.9171974522292994	0.8853503184713376	0.2929936305732484	
F - 36 	287	1410	0.002255236986567689	134.5	0.910828025477707	0.9235668789808917	0.7133757961783439	
	287	1410	0.0022773593032686056	133.2	0.9235668789808917	0.9171974522292994	0.6815286624203821	0.0010573112229667185	286	0.8726114649681529	0.8980891719745223	0.3885350318471338	0.8726114649681529	0.8980891719745223	0.3885350318471338	
F - 36 	251	1410	0.0014698106879055103	113.6	0.9363057324840764	0.9235668789808917	0.6114649681528662	
	251	1410	0.0014788212253873333	112.9	0.9363057324840764	0.9299363057324841	0.5923566878980892	6.666868768041511E-4	250	0.89171974522293	0.8662420382165605	0.3375796178343949	0.89171974522293	0.8662420382165605	0.3375796178343949	
F - 30 	221	1410	0.0011574598292008358	98.1	0.9426751592356688	0.9299363057324841	0.5859872611464968	
	221	1410	0.0011636225993093912	97.6	0.9363057324840764	0.9299363057324841	0.6050955414012739	5.151767537891277E-4	220	0.9171974522292994	0.8789808917197452	0.2802547770700637	0.9171974522292994	0.8789808917197452	0.2802547770700637	
F - 35 	186	1410	9.300345141234933E-4	82.7	0.9299363057324841	0.9299363057324841	0.4267515923566879	
	186	1410	9.49965790654054E-4	80.9	0.9426751592356688	0.9299363057324841	0.3885350318471338	4.146989974085595E-4	185	0.9044585987261147	0.8662420382165605	0.2356687898089172	0.9044585987261147	0.8662420382165605	0.2356687898089172	
F - 35 	151	1410	0.001148751967209671	66.95	0.9426751592356688	0.9299363057324841	0.3248407643312102	
	151	1410	0.0011916298916242745	64.55	0.9426751592356688	0.9299363057324841	0.4012738853503185	5.114851208665815E-4	150	0.8789808917197452	0.8789808917197452	0.1910828025477707	0.8789808917197452	0.8789808917197452	0.1910828025477707	
F - 29 	122	1410	0.001456561444563328	52.8	0.9426751592356688	0.9299363057324841	0.4713375796178344	
	122	1410	0.0014927138037896216	51.55	0.9363057324840764	0.9299363057324841	0.40764331210191085	6.341171929964487E-4	121	0.8853503184713376	0.8407643312101911	0.21019108280254778	0.8853503184713376	0.8407643312101911	0.21019108280254778	
F - 37 	118	1410	0.001549442050309965	49.7	0.9363057324840764	0.9299363057324841	0.37579617834394907	
	118	1410	0.0015525301837024303	49.6	0.9426751592356688	0.9299363057324841	0.3375796178343949	6.558056246635331E-4	117	0.89171974522293	0.8535031847133758	0.1910828025477707	0.89171974522293	0.8535031847133758	0.1910828025477707	
F - 87 	118	1410	0.0015525301837024303	49.6	0.9363057324840764	0.9299363057324841	0.3184713375796178	
	118	1410	0.0015525301837024303	49.6	0.9363057324840764	0.9299363057324841	0.34394904458598724	6.558056246635331E-4	117	0.89171974522293	0.8535031847133758	0.1910828025477707	0.89171974522293	0.8535031847133758	0.1910828025477707	

Data Set	secom	
PCFS	Feature	Instance	PCFS Merit	PCFS Size	C4.5	NN	NB	Merit	Size	C4.5	NN	NB	C4.5	NN	NB	
	591	1410	0.979432624113475	307.35	0.9363057324840764	0.9171974522292994	0.27388535031847133	0.9794326241134752	590	0.9171974522292994	0.89171974522293	0.2611464968152866	0.9171974522292994	0.89171974522293	0.2611464968152866	
F - 25 	566	1410	0.9790780141843969	295.1	0.9363057324840764	0.9235668789808917	0.267515923566879	
	566	1410	0.979432624113475	289.25	0.9299363057324841	0.9235668789808917	0.28662420382165604	0.9794326241134752	565	0.9235668789808917	0.89171974522293	0.2484076433121019	0.9235668789808917	0.89171974522293	0.2484076433121019	
F - 23 	543	1410	0.9792907801418439	278.35	0.9299363057324841	0.9171974522292994	0.2929936305732484	
	543	1410	0.979432624113475	275.4	0.9299363057324841	0.9171974522292994	0.3375796178343949	0.9794326241134752	542	0.9235668789808917	0.8980891719745223	0.25477707006369427	0.9235668789808917	0.8980891719745223	0.25477707006369427	
F - 16 	527	1410	0.978404255319149	265.8	0.9299363057324841	0.9235668789808917	0.3057324840764331	
	527	1410	0.9787234042553192	264.65	0.9299363057324841	0.9171974522292994	0.29936305732484075	0.9787234042553191	526	0.9235668789808917	0.910828025477707	0.2484076433121019	0.9235668789808917	0.910828025477707	0.2484076433121019	
F - 27 	500	1410	0.978617021276596	252.1	0.9299363057324841	0.9235668789808917	0.31210191082802546	
	500	1410	0.9787234042553192	250.4	0.9299363057324841	0.9235668789808917	0.3057324840764331	0.9787234042553191	499	0.9299363057324841	0.8980891719745223	0.2484076433121019	0.9299363057324841	0.8980891719745223	0.2484076433121019	
F - 21 	479	1410	0.9787234042553192	239.5	0.9299363057324841	0.9235668789808917	0.31210191082802546	
	479	1410	0.9787234042553192	238.55	0.9299363057324841	0.9171974522292994	0.3248407643312102	0.9787234042553191	478	0.9363057324840764	0.8980891719745223	0.2484076433121019	0.9363057324840764	0.8980891719745223	0.2484076433121019	
F - 23 	456	1410	0.9757092198581562	228.25	0.9235668789808917	0.9299363057324841	0.3375796178343949	
	456	1410	0.9787234042553192	229.0	0.9299363057324841	0.9299363057324841	0.28662420382165604	0.9787234042553191	455	0.9363057324840764	0.9044585987261147	0.2611464968152866	0.9363057324840764	0.9044585987261147	0.2611464968152866	
F - 26 	430	1410	0.9710283687943262	215.15	0.9299363057324841	0.9299363057324841	0.31210191082802546	
	430	1410	0.971631205673759	218.5	0.9299363057324841	0.9299363057324841	0.3630573248407643	0.9716312056737588	429	0.9363057324840764	0.89171974522293	0.27388535031847133	0.9363057324840764	0.89171974522293	0.27388535031847133	
F - 20 	410	1410	0.9687943262411347	207.75	0.9299363057324841	0.9171974522292994	0.4394904458598726	
	410	1410	0.9687943262411347	207.5	0.9299363057324841	0.9299363057324841	0.4267515923566879	0.9687943262411347	409	0.9235668789808917	0.8726114649681529	0.28662420382165604	0.9235668789808917	0.8726114649681529	0.28662420382165604	
F - 19 	391	1410	0.9679078014184398	197.25	0.9299363057324841	0.9171974522292994	0.4140127388535032	
	391	1410	0.968085106382979	198.5	0.9299363057324841	0.9171974522292994	0.4394904458598726	0.9680851063829787	390	0.9171974522292994	0.8980891719745223	0.267515923566879	0.9171974522292994	0.8980891719745223	0.267515923566879	
F - 35 	356	1410	0.9665957446808509	181.85	0.9299363057324841	0.9235668789808917	0.4140127388535032	
	356	1410	0.9673758865248226	183.05	0.9299363057324841	0.9235668789808917	0.4713375796178344	0.9673758865248226	355	0.9171974522292994	0.9044585987261147	0.267515923566879	0.9171974522292994	0.9044585987261147	0.267515923566879	
F - 33 	323	1410	0.9664539007092199	166.2	0.9299363057324841	0.9235668789808917	0.47770700636942676	
	323	1410	0.9673758865248226	168.4	0.9235668789808917	0.9299363057324841	0.445859872611465	0.9673758865248226	322	0.9171974522292994	0.8853503184713376	0.2929936305732484	0.9171974522292994	0.8853503184713376	0.2929936305732484	
F - 36 	287	1410	0.9604255319148935	149.85	0.910828025477707	0.9299363057324841	0.5414012738853503	
	287	1410	0.9631205673758864	157.3	0.9171974522292994	0.9299363057324841	0.5477707006369427	0.9631205673758865	286	0.8726114649681529	0.8980891719745223	0.3885350318471338	0.8726114649681529	0.8980891719745223	0.3885350318471338	
F - 36 	251	1410	0.9435815602836879	135.6	0.9299363057324841	0.9235668789808917	0.4140127388535032	
	251	1410	0.9439716312056736	136.35	0.9299363057324841	0.9235668789808917	0.39490445859872614	0.9439716312056737	250	0.89171974522293	0.8662420382165605	0.3375796178343949	0.89171974522293	0.8662420382165605	0.3375796178343949	
F - 30 	221	1410	0.9418439716312058	119.25	0.9363057324840764	0.9235668789808917	0.3503184713375796	
	221	1410	0.9425531914893618	121.1	0.9363057324840764	0.9171974522292994	0.4012738853503185	0.9425531914893617	220	0.9171974522292994	0.8789808917197452	0.2802547770700637	0.9171974522292994	0.8789808917197452	0.2802547770700637	
F - 35 	186	1410	0.9402836879432626	102.0	0.9299363057324841	0.9363057324840764	0.3821656050955414	
	186	1410	0.9404255319148935	102.65	0.9363057324840764	0.9235668789808917	0.40764331210191085	0.9404255319148936	185	0.9044585987261147	0.8662420382165605	0.2356687898089172	0.9044585987261147	0.8662420382165605	0.2356687898089172	
F - 35 	151	1410	0.9391843971631205	83.15	0.9363057324840764	0.9235668789808917	0.3503184713375796	
	151	1410	0.9397163120567381	85.9	0.9363057324840764	0.9299363057324841	0.2802547770700637	0.9397163120567376	150	0.8789808917197452	0.8789808917197452	0.1910828025477707	0.8789808917197452	0.8789808917197452	0.1910828025477707	
F - 29 	122	1410	0.9389007092198582	69.3	0.9426751592356688	0.9235668789808917	0.28662420382165604	
	122	1410	0.9390070921985817	69.5	0.9426751592356688	0.9235668789808917	0.3630573248407643	0.9390070921985816	121	0.8853503184713376	0.8407643312101911	0.21019108280254778	0.8853503184713376	0.8407643312101911	0.21019108280254778	
F - 37 	118	1410	0.9382978723404255	66.85	0.9426751592356688	0.9171974522292994	0.3184713375796178	
	118	1410	0.9382978723404255	66.85	0.9426751592356688	0.9235668789808917	0.3057324840764331	0.9382978723404255	117	0.89171974522293	0.8535031847133758	0.1910828025477707	0.89171974522293	0.8535031847133758	0.1910828025477707	
F - 87 	118	1410	0.9382978723404255	66.85	0.9426751592356688	0.9235668789808917	0.3184713375796178	
	118	1410	0.9382978723404255	66.85	0.9426751592356688	0.9235668789808917	0.33121019108280253	0.9382978723404255	117	0.89171974522293	0.8535031847133758	0.1910828025477707	0.89171974522293	0.8535031847133758	0.1910828025477707	
