Data Set	secom	
CFS	Feature	Instance	CFS Merit	CFS Size	C4.5	NN	NB	Merit	Size	C4.5	NN	NB	C4.5	NN	NB	
	591	282	0.00199746829461775	292.7	0.910828025477707	0.9299363057324841	0.9044585987261147	9.907748595822834E-4	590	0.8980891719745223	0.9171974522292994	0.8980891719745223	0.8980891719745223	0.9171974522292994	0.8980891719745223	
I + 52 	591	334	7.722546863061926E-4	292.7	0.9299363057324841	0.9299363057324841	0.8789808917197452	
	591	334	9.44095054400285E-4	286.35	0.9426751592356688	0.9363057324840764	0.8662420382165605	4.581197573673342E-4	590	0.9044585987261147	0.910828025477707	0.8726114649681529	0.9044585987261147	0.910828025477707	0.8726114649681529	
I + 32 	591	366	8.845982163051871E-4	286.35	0.9299363057324841	0.9426751592356688	0.8726114649681529	
	591	366	8.993986631983233E-4	281.65	0.9235668789808917	0.9426751592356688	0.8662420382165605	4.2924906747628507E-4	590	0.8662420382165605	0.9171974522292994	0.8726114649681529	0.8662420382165605	0.9171974522292994	0.8726114649681529	
I + 46 	591	412	6.425241099434436E-4	281.65	0.9299363057324841	0.9363057324840764	0.8789808917197452	
	591	412	0.0012752740865355574	284.2	0.9299363057324841	0.9363057324840764	0.8853503184713376	6.141222471374641E-4	590	0.9171974522292994	0.9235668789808917	0.8789808917197452	0.9171974522292994	0.9235668789808917	0.8789808917197452	
I + 47 	591	459	0.0014126232698386866	284.2	0.9171974522292994	0.9426751592356688	0.8789808917197452	
	591	459	0.0014495876800752277	280.35	0.9235668789808917	0.9363057324840764	0.8789808917197452	6.886454459619461E-4	590	0.8853503184713376	0.9044585987261147	0.8853503184713376	0.8853503184713376	0.9044585987261147	0.8853503184713376	
I + 49 	591	508	0.0014993437017302622	280.35	0.9363057324840764	0.9363057324840764	0.8853503184713376	
	591	508	0.0016867676898470424	284.25	0.9363057324840764	0.9426751592356688	0.8789808917197452	8.123177415884396E-4	590	0.8853503184713376	0.9044585987261147	0.8853503184713376	0.8853503184713376	0.9044585987261147	0.8853503184713376	
I + 50 	591	558	0.0013281677947202153	284.25	0.9363057324840764	0.9363057324840764	0.8598726114649682	
	591	558	0.0017967244063006621	288.45	0.9171974522292994	0.9363057324840764	0.8535031847133758	8.780052942616667E-4	590	0.8853503184713376	0.9299363057324841	0.8407643312101911	0.8853503184713376	0.9299363057324841	0.8407643312101911	
I + 42 	591	600	0.0020330316812686602	288.45	0.9426751592356688	0.9363057324840764	0.8471337579617835	
	591	600	0.0021666684348024866	285.8	0.9426751592356688	0.9363057324840764	0.8662420382165605	0.0010490391287456286	590	0.8726114649681529	0.9235668789808917	0.8471337579617835	0.8726114649681529	0.9235668789808917	0.8471337579617835	
I + 34 	591	634	0.0017341309283501979	285.8	0.9363057324840764	0.9363057324840764	0.8789808917197452	
	591	634	0.0019045892226511652	283.5	0.9299363057324841	0.9363057324840764	0.8598726114649682	9.147165942558805E-4	590	0.8662420382165605	0.9171974522292994	0.8598726114649682	0.8662420382165605	0.9171974522292994	0.8598726114649682	
I + 59 	591	693	0.00145488645504563	283.5	0.9299363057324841	0.9363057324840764	0.8662420382165605	
	591	693	0.00147087880763069	280.8	0.9363057324840764	0.9363057324840764	0.8662420382165605	7.022737749375972E-4	590	0.9044585987261147	0.9235668789808917	0.8598726114649682	0.9044585987261147	0.9235668789808917	0.8598726114649682	
I + 37 	591	730	0.0015183752431727456	280.8	0.9299363057324841	0.9299363057324841	0.8662420382165605	
	591	730	0.0017021009661980706	280.45	0.9171974522292994	0.9363057324840764	0.8662420382165605	8.086930965452802E-4	590	0.89171974522293	0.9299363057324841	0.8662420382165605	0.89171974522293	0.9299363057324841	0.8662420382165605	
I + 40 	591	770	0.0013618201310890367	280.45	0.9235668789808917	0.9363057324840764	0.8598726114649682	
	591	770	0.001372714439626782	278.25	0.9363057324840764	0.9363057324840764	0.8662420382165605	6.470522165505023E-4	590	0.910828025477707	0.9299363057324841	0.8471337579617835	0.910828025477707	0.9299363057324841	0.8471337579617835	
I + 56 	591	826	0.0012920507867302147	278.25	0.9363057324840764	0.9299363057324841	0.8662420382165605	
	591	826	0.0013070485182771628	276.9	0.9363057324840764	0.9363057324840764	0.8662420382165605	6.138776990550778E-4	590	0.9171974522292994	0.9171974522292994	0.8535031847133758	0.9171974522292994	0.9171974522292994	0.8535031847133758	
I + 42 	591	868	0.0016787689890706253	276.9	0.9363057324840764	0.9299363057324841	0.8598726114649682	
	591	868	0.0018575074164549378	277.8	0.9363057324840764	0.9299363057324841	0.8726114649681529	8.755583437000748E-4	590	0.8789808917197452	0.9044585987261147	0.8471337579617835	0.8789808917197452	0.9044585987261147	0.8471337579617835	
I + 79 	591	947	0.0016308034275366648	277.8	0.9363057324840764	0.9235668789808917	0.821656050955414	
	591	947	0.0016567694773360858	276.7	0.9363057324840764	0.9299363057324841	0.802547770700637	7.763748633699192E-4	590	0.8980891719745223	0.9044585987261147	0.7388535031847133	0.8980891719745223	0.9044585987261147	0.7388535031847133	
I + 82 	591	1029	0.001485624203352715	276.7	0.9299363057324841	0.9363057324840764	0.5987261146496815	
	591	1029	0.00158826178106096	278.65	0.9299363057324841	0.9299363057324841	0.7133757961783439	7.515098913095388E-4	590	0.8853503184713376	0.8980891719745223	0.554140127388535	0.8853503184713376	0.8980891719745223	0.554140127388535	
I + 72 	591	1101	0.002333907604263875	278.65	0.9044585987261147	0.9299363057324841	0.6114649681528662	
	591	1101	0.002864955550555437	298.5	0.9171974522292994	0.9171974522292994	0.5605095541401274	0.001448287684718415	590	0.8535031847133758	0.9044585987261147	0.4585987261146497	0.8535031847133758	0.9044585987261147	0.4585987261146497	
I + 64 	591	1165	0.001821673006018132	298.5	0.8980891719745223	0.9044585987261147	0.42038216560509556	
	591	1165	0.0019480612431903798	293.95	0.9171974522292994	0.910828025477707	0.4140127388535032	9.691036734536754E-4	590	0.8726114649681529	0.9044585987261147	0.3184713375796178	0.8726114649681529	0.9044585987261147	0.3184713375796178	
I + 117 	591	1282	0.0016923124769061034	293.95	0.9171974522292994	0.9171974522292994	0.3885350318471338	
	591	1282	0.0017916274897764374	291.05	0.9171974522292994	0.9235668789808917	0.37579617834394907	8.839183508891444E-4	590	0.9171974522292994	0.89171974522293	0.29936305732484075	0.9171974522292994	0.89171974522293	0.29936305732484075	
I + 80 	591	1362	0.0014758859799255696	291.05	0.9299363057324841	0.9171974522292994	0.3184713375796178	
	591	1362	0.0015165855683071624	287.0	0.9299363057324841	0.9235668789808917	0.35668789808917195	7.37328321862204E-4	590	0.9044585987261147	0.89171974522293	0.25477707006369427	0.9044585987261147	0.89171974522293	0.25477707006369427	

Data Set	secom	
PCFS	Feature	Instance	PCFS Merit	PCFS Size	C4.5	NN	NB	Merit	Size	C4.5	NN	NB	C4.5	NN	NB	
	591	282	0.9858156028368794	299.8	0.9171974522292994	0.9426751592356688	0.8980891719745223	0.9858156028368794	590	0.8980891719745223	0.9171974522292994	0.8980891719745223	0.8980891719745223	0.9171974522292994	0.8980891719745223	
I + 52 	591	334	0.9670658682634731	299.8	0.9299363057324841	0.9426751592356688	0.8726114649681529	
	591	334	0.9670658682634731	292.25	0.9363057324840764	0.9363057324840764	0.8726114649681529	0.9670658682634731	590	0.9044585987261147	0.910828025477707	0.8726114649681529	0.9044585987261147	0.910828025477707	0.8726114649681529	
I + 32 	591	366	0.9672131147540985	292.25	0.9363057324840764	0.9363057324840764	0.8726114649681529	
	591	366	0.9672131147540985	287.05	0.9299363057324841	0.9426751592356688	0.8726114649681529	0.9672131147540983	590	0.8662420382165605	0.9171974522292994	0.8726114649681529	0.8662420382165605	0.9171974522292994	0.8726114649681529	
I + 46 	591	412	0.9646844660194176	287.05	0.9363057324840764	0.9426751592356688	0.8853503184713376	
	591	412	0.9708737864077669	287.15	0.9363057324840764	0.9363057324840764	0.8789808917197452	0.970873786407767	590	0.9171974522292994	0.9235668789808917	0.8789808917197452	0.9171974522292994	0.9235668789808917	0.8789808917197452	
I + 47 	591	459	0.9734204793028324	287.15	0.9235668789808917	0.9426751592356688	0.8853503184713376	
	591	459	0.9760348583877996	286.45	0.9235668789808917	0.9363057324840764	0.8789808917197452	0.9760348583877996	590	0.8853503184713376	0.9044585987261147	0.8853503184713376	0.8853503184713376	0.9044585987261147	0.8853503184713376	
I + 49 	591	508	0.9802165354330707	286.45	0.9363057324840764	0.9299363057324841	0.8789808917197452	
	591	508	0.984251968503937	285.45	0.9299363057324841	0.9363057324840764	0.8853503184713376	0.984251968503937	590	0.8853503184713376	0.9044585987261147	0.8853503184713376	0.8853503184713376	0.9044585987261147	0.8853503184713376	
I + 50 	591	558	0.9774193548387096	285.45	0.9299363057324841	0.9363057324840764	0.8471337579617835	
	591	558	0.9784946236559137	286.15	0.9299363057324841	0.9363057324840764	0.8535031847133758	0.978494623655914	590	0.8853503184713376	0.9299363057324841	0.8407643312101911	0.8853503184713376	0.9299363057324841	0.8407643312101911	
I + 42 	591	600	0.9779166666666667	286.15	0.9363057324840764	0.9363057324840764	0.8598726114649682	
	591	600	0.9783333333333332	284.55	0.9363057324840764	0.9426751592356688	0.8471337579617835	0.9783333333333333	590	0.8726114649681529	0.9235668789808917	0.8471337579617835	0.8726114649681529	0.9235668789808917	0.8471337579617835	
I + 34 	591	634	0.962460567823344	284.55	0.9299363057324841	0.9363057324840764	0.8789808917197452	
	591	634	0.9652996845425864	286.7	0.9235668789808917	0.9363057324840764	0.8726114649681529	0.9652996845425867	590	0.8662420382165605	0.9171974522292994	0.8598726114649682	0.8662420382165605	0.9171974522292994	0.8598726114649682	
I + 59 	591	693	0.9626262626262626	286.7	0.9299363057324841	0.9363057324840764	0.8535031847133758	
	591	693	0.9639249639249637	288.05	0.9299363057324841	0.9363057324840764	0.8662420382165605	0.963924963924964	590	0.9044585987261147	0.9235668789808917	0.8598726114649682	0.9044585987261147	0.9235668789808917	0.8598726114649682	
I + 37 	591	730	0.9623287671232875	288.05	0.9363057324840764	0.9363057324840764	0.8662420382165605	
	591	730	0.9630136986301366	286.9	0.9171974522292994	0.9363057324840764	0.8726114649681529	0.963013698630137	590	0.89171974522293	0.9299363057324841	0.8662420382165605	0.89171974522293	0.9299363057324841	0.8662420382165605	
I + 40 	591	770	0.957142857142857	286.9	0.9363057324840764	0.9363057324840764	0.8598726114649682	
	591	770	0.957142857142857	284.2	0.9426751592356688	0.9363057324840764	0.8598726114649682	0.9571428571428572	590	0.910828025477707	0.9299363057324841	0.8471337579617835	0.910828025477707	0.9299363057324841	0.8471337579617835	
I + 56 	591	826	0.9564164648910417	284.2	0.9426751592356688	0.9299363057324841	0.8726114649681529	
	591	826	0.9564164648910417	282.3	0.9363057324840764	0.9299363057324841	0.8789808917197452	0.9564164648910412	590	0.9171974522292994	0.9171974522292994	0.8535031847133758	0.9171974522292994	0.9171974522292994	0.8535031847133758	
I + 42 	591	868	0.9614055299539169	282.3	0.9363057324840764	0.9235668789808917	0.8789808917197452	
	591	868	0.965437788018433	283.7	0.9363057324840764	0.9299363057324841	0.8535031847133758	0.9654377880184332	590	0.8789808917197452	0.9044585987261147	0.8471337579617835	0.8789808917197452	0.9044585987261147	0.8471337579617835	
I + 79 	591	947	0.9629883843717002	283.7	0.9363057324840764	0.9299363057324841	0.7643312101910829	
	591	947	0.9630411826821541	282.45	0.9299363057324841	0.9299363057324841	0.8089171974522293	0.9630411826821542	590	0.8980891719745223	0.9044585987261147	0.7388535031847133	0.8980891719745223	0.9044585987261147	0.7388535031847133	
I + 82 	591	1029	0.9646744412050536	282.45	0.9363057324840764	0.9299363057324841	0.6178343949044586	
	591	1029	0.9727891156462579	288.6	0.9299363057324841	0.9235668789808917	0.6242038216560509	0.9727891156462585	590	0.8853503184713376	0.8980891719745223	0.554140127388535	0.8853503184713376	0.8980891719745223	0.554140127388535	
I + 72 	591	1101	0.9859218891916439	288.6	0.9235668789808917	0.9299363057324841	0.554140127388535	
	591	1101	0.9909173478655763	300.05	0.910828025477707	0.9235668789808917	0.4968152866242038	0.9909173478655767	590	0.8535031847133758	0.9044585987261147	0.4585987261146497	0.8535031847133758	0.9044585987261147	0.4585987261146497	
I + 64 	591	1165	0.9806866952789701	300.05	0.9171974522292994	0.9171974522292994	0.3248407643312102	
	591	1165	0.9836909871244636	297.75	0.9171974522292994	0.910828025477707	0.35668789808917195	0.9836909871244636	590	0.8726114649681529	0.9044585987261147	0.3184713375796178	0.8726114649681529	0.9044585987261147	0.3184713375796178	
I + 117 	591	1282	0.981474258970359	297.75	0.9363057324840764	0.9171974522292994	0.33121019108280253	
	591	1282	0.982839313572543	298.85	0.9299363057324841	0.9299363057324841	0.37579617834394907	0.982839313572543	590	0.9171974522292994	0.89171974522293	0.29936305732484075	0.9171974522292994	0.89171974522293	0.29936305732484075	
I + 80 	591	1362	0.9806901615271661	298.85	0.9299363057324841	0.9363057324840764	0.33121019108280253	
	591	1362	0.9831130690161525	297.95	0.9299363057324841	0.9299363057324841	0.29936305732484075	0.9831130690161527	590	0.9044585987261147	0.89171974522293	0.25477707006369427	0.9044585987261147	0.89171974522293	0.25477707006369427	
