Data Set	secom	
CFS	Feature	Instance	CFS Merit	CFS Size	C4.5	NN	NB	Merit	Size	C4.5	NN	NB	C4.5	NN	NB	
	591	1410	0.0016872552199725488	301.2	0.9363057324840764	0.910828025477707	0.2929936305732484	8.60006625236201E-4	590	0.9171974522292994	0.89171974522293	0.2611464968152866	0.9171974522292994	0.89171974522293	0.2611464968152866	
I - 61 	591	1349	0.00168010583967603	301.2	0.9363057324840764	0.9044585987261147	0.3821656050955414	
	591	1349	0.0017224662274722513	293.85	0.9235668789808917	0.9171974522292994	0.3248407643312102	8.56499024577095E-4	590	0.9171974522292994	0.8789808917197452	0.3248407643312102	0.9171974522292994	0.8789808917197452	0.3248407643312102	
I - 58 	591	1291	0.0014571467453212863	293.85	0.9235668789808917	0.910828025477707	0.28662420382165604	
	591	1291	0.0016000763856447698	291.15	0.9171974522292994	0.9171974522292994	0.25477707006369427	7.885878642121887E-4	590	0.9171974522292994	0.8853503184713376	0.2484076433121019	0.9171974522292994	0.8853503184713376	0.2484076433121019	
I - 46 	591	1245	0.0016743760528102705	291.15	0.9171974522292994	0.9171974522292994	0.2802547770700637	
	591	1245	0.0017072699629844174	287.85	0.9235668789808917	0.9171974522292994	0.36942675159235666	8.317027543234938E-4	590	0.89171974522293	0.8980891719745223	0.267515923566879	0.89171974522293	0.8980891719745223	0.267515923566879	
I - 68 	591	1177	0.0015246805354784654	287.85	0.9235668789808917	0.9171974522292994	0.35668789808917195	
	591	1177	0.001547173369641853	283.65	0.9363057324840764	0.910828025477707	0.33121019108280253	7.430777961117522E-4	590	0.9044585987261147	0.8980891719745223	0.2802547770700637	0.9044585987261147	0.8980891719745223	0.2802547770700637	
I - 73 	591	1104	0.0018562522817528952	283.65	0.9171974522292994	0.9044585987261147	0.40764331210191085	
	591	1104	0.002010774446869195	287.1	0.910828025477707	0.9044585987261147	0.4140127388535032	9.766752025694493E-4	590	0.8726114649681529	0.8789808917197452	0.3375796178343949	0.8726114649681529	0.8789808917197452	0.3375796178343949	
I - 46 	591	1058	0.0019001750379029248	287.1	0.9235668789808917	0.9044585987261147	0.35668789808917195	
	591	1058	0.0020901544795151805	290.55	0.9363057324840764	0.9171974522292994	0.45222929936305734	0.0010293633022807024	590	0.8980891719745223	0.8789808917197452	0.29936305732484075	0.8980891719745223	0.8789808917197452	0.29936305732484075	
I - 68 	591	990	0.001703393398070663	290.55	0.9235668789808917	0.9171974522292994	0.21656050955414013	
	591	990	0.0017445800199323823	285.5	0.9171974522292994	0.910828025477707	0.2356687898089172	8.430920027645222E-4	590	0.8726114649681529	0.8789808917197452	0.22929936305732485	0.8726114649681529	0.8789808917197452	0.22929936305732485	
I - 64 	591	926	0.0016434531555550905	285.5	0.9171974522292994	0.910828025477707	0.2229299363057325	
	591	926	0.0017937359823519284	287.35	0.89171974522293	0.9044585987261147	0.19745222929936307	8.725533689464206E-4	590	0.89171974522293	0.8789808917197452	0.2229299363057325	0.89171974522293	0.8789808917197452	0.2229299363057325	
I - 61 	591	865	0.0017533704747769896	287.35	0.8980891719745223	0.910828025477707	0.22929936305732485	
	591	865	0.001816752610214334	285.35	0.9363057324840764	0.9235668789808917	0.22929936305732485	8.776627983918338E-4	590	0.8789808917197452	0.89171974522293	0.24203821656050956	0.8789808917197452	0.89171974522293	0.24203821656050956	
I - 48 	591	817	0.001885054667182284	285.35	0.9299363057324841	0.910828025477707	0.2356687898089172	
	591	817	0.001990315087636789	284.45	0.9299363057324841	0.910828025477707	0.22929936305732485	9.586541978930735E-4	590	0.9044585987261147	0.89171974522293	0.24203821656050956	0.9044585987261147	0.89171974522293	0.24203821656050956	
I - 80 	591	737	0.0021383890689182197	284.45	0.9363057324840764	0.910828025477707	0.22929936305732485	
	591	737	0.002308613437373853	284.9	0.9363057324840764	0.9235668789808917	0.2484076433121019	0.0011134539522532762	590	0.910828025477707	0.9044585987261147	0.25477707006369427	0.910828025477707	0.9044585987261147	0.25477707006369427	
I - 47 	591	690	0.001930313786968269	284.9	0.9426751592356688	0.9235668789808917	0.24203821656050956	
	591	690	0.001950019746548503	282.0	0.9235668789808917	0.9235668789808917	0.267515923566879	9.313279313479726E-4	590	0.89171974522293	0.8980891719745223	0.25477707006369427	0.89171974522293	0.8980891719745223	0.25477707006369427	
I - 90 	591	600	0.0015860872866940282	282.0	0.9299363057324841	0.9171974522292994	0.22929936305732485	
	591	600	0.0017744305711749296	282.6	0.9299363057324841	0.9171974522292994	0.21019108280254778	8.493828127026331E-4	590	0.8726114649681529	0.9044585987261147	0.2356687898089172	0.8726114649681529	0.9044585987261147	0.2356687898089172	
I - 50 	591	550	0.0015504312312991022	282.6	0.9235668789808917	0.9171974522292994	0.39490445859872614	
	591	550	0.0017261874734567084	282.45	0.9363057324840764	0.9235668789808917	0.3630573248407643	8.260172772615545E-4	590	0.8980891719745223	0.9044585987261147	0.4012738853503185	0.8980891719745223	0.9044585987261147	0.4012738853503185	
I - 106 	591	444	0.0015235242219459426	282.45	0.9299363057324841	0.9044585987261147	0.4394904458598726	
	591	444	0.0017473993044052616	285.8	0.9171974522292994	0.910828025477707	0.46496815286624205	8.459368028476995E-4	590	0.8598726114649682	0.9044585987261147	0.4713375796178344	0.8598726114649682	0.9044585987261147	0.4713375796178344	
I - 103 	591	341	6.325416362661341E-4	285.8	0.9299363057324841	0.8853503184713376	0.554140127388535	
	591	341	7.558150204098765E-4	282.65	0.9235668789808917	0.9044585987261147	0.5605095541401274	3.61966899818823E-4	590	0.8853503184713376	0.8726114649681529	0.5414012738853503	0.8853503184713376	0.8726114649681529	0.5414012738853503	
I - 105 	591	281	6.441265891669813E-4	282.65	0.9363057324840764	0.89171974522293	0.6496815286624203	
	591	281	6.522474688374747E-4	279.1	0.9363057324840764	0.910828025477707	0.6624203821656051	3.084873533543234E-4	590	0.8662420382165605	0.8535031847133758	0.6687898089171974	0.8662420382165605	0.8535031847133758	0.6687898089171974	
I - 91 	591	281	6.522474688374747E-4	279.1	0.9363057324840764	0.9044585987261147	0.6560509554140127	
	591	281	6.579385090867803E-4	276.7	0.9363057324840764	0.8980891719745223	0.6687898089171974	3.084873533543234E-4	590	0.8662420382165605	0.8535031847133758	0.6687898089171974	0.8662420382165605	0.8535031847133758	0.6687898089171974	
I - 148 	591	281	6.579385090867803E-4	276.7	0.9299363057324841	0.8980891719745223	0.6624203821656051	
	591	281	6.63684021410806E-4	274.3	0.9299363057324841	0.9044585987261147	0.6687898089171974	3.084873533543234E-4	590	0.8662420382165605	0.8535031847133758	0.6687898089171974	0.8662420382165605	0.8535031847133758	0.6687898089171974	

Data Set	secom	
PCFS	Feature	Instance	PCFS Merit	PCFS Size	C4.5	NN	NB	Merit	Size	C4.5	NN	NB	C4.5	NN	NB	
	591	1410	0.979432624113475	306.9	0.9299363057324841	0.9171974522292994	0.28662420382165604	0.9794326241134752	590	0.9171974522292994	0.89171974522293	0.2611464968152866	0.9171974522292994	0.89171974522293	0.2611464968152866	
I - 61 	591	1349	0.9758710155670869	306.9	0.9299363057324841	0.9171974522292994	0.42038216560509556	
	591	1349	0.9762787249814678	299.65	0.9299363057324841	0.9235668789808917	0.42038216560509556	0.9762787249814677	590	0.9171974522292994	0.8789808917197452	0.3248407643312102	0.9171974522292994	0.8789808917197452	0.3248407643312102	
I - 58 	591	1291	0.9740511231603408	299.65	0.9299363057324841	0.9235668789808917	0.3248407643312102	
	591	1291	0.9759876065065839	297.8	0.9299363057324841	0.9235668789808917	0.35668789808917195	0.975987606506584	590	0.9171974522292994	0.8853503184713376	0.2484076433121019	0.9171974522292994	0.8853503184713376	0.2484076433121019	
I - 46 	591	1245	0.9804016064257031	297.8	0.9299363057324841	0.9299363057324841	0.3885350318471338	
	591	1245	0.9815261044176712	293.95	0.9363057324840764	0.9171974522292994	0.3248407643312102	0.9815261044176706	590	0.89171974522293	0.8980891719745223	0.267515923566879	0.89171974522293	0.8980891719745223	0.267515923566879	
I - 68 	591	1177	0.9751911639762106	293.95	0.9426751592356688	0.9171974522292994	0.34394904458598724	
	591	1177	0.9762107051826675	294.05	0.9363057324840764	0.9299363057324841	0.37579617834394907	0.9762107051826678	590	0.9044585987261147	0.8980891719745223	0.2802547770700637	0.9044585987261147	0.8980891719745223	0.2802547770700637	
I - 73 	591	1104	0.9851449275362321	294.05	0.9235668789808917	0.9299363057324841	0.4585987261146497	
	591	1104	0.9900362318840582	297.5	0.9299363057324841	0.910828025477707	0.40764331210191085	0.990036231884058	590	0.8726114649681529	0.8789808917197452	0.3375796178343949	0.8726114649681529	0.8789808917197452	0.3375796178343949	
I - 46 	591	1058	0.9831285444234406	297.5	0.9363057324840764	0.9171974522292994	0.36942675159235666	
	591	1058	0.9848771266540645	295.8	0.9363057324840764	0.9235668789808917	0.3184713375796178	0.9848771266540642	590	0.8980891719745223	0.8789808917197452	0.29936305732484075	0.8980891719745223	0.8789808917197452	0.29936305732484075	
I - 68 	591	990	0.9755555555555555	295.8	0.9363057324840764	0.9235668789808917	0.22929936305732485	
	591	990	0.9767676767676768	293.75	0.9299363057324841	0.910828025477707	0.24203821656050956	0.9767676767676767	590	0.8726114649681529	0.8789808917197452	0.22929936305732485	0.8726114649681529	0.8789808917197452	0.22929936305732485	
I - 64 	591	926	0.966684665226782	293.75	0.9044585987261147	0.9235668789808917	0.2356687898089172	
	591	926	0.968682505399568	292.8	0.9044585987261147	0.9171974522292994	0.19745222929936307	0.968682505399568	590	0.89171974522293	0.8789808917197452	0.2229299363057325	0.89171974522293	0.8789808917197452	0.2229299363057325	
I - 61 	591	865	0.9778612716763007	292.8	0.9235668789808917	0.910828025477707	0.25477707006369427	
	591	865	0.9791907514450869	293.45	0.9235668789808917	0.910828025477707	0.267515923566879	0.9791907514450867	590	0.8789808917197452	0.89171974522293	0.24203821656050956	0.8789808917197452	0.89171974522293	0.24203821656050956	
I - 48 	591	817	0.9670746634026927	293.45	0.9235668789808917	0.910828025477707	0.25477707006369427	
	591	817	0.9694002447980417	292.25	0.9235668789808917	0.910828025477707	0.24203821656050956	0.9694002447980417	590	0.9044585987261147	0.89171974522293	0.24203821656050956	0.9044585987261147	0.89171974522293	0.24203821656050956	
I - 80 	591	737	0.9754409769335142	292.25	0.9363057324840764	0.9235668789808917	0.2611464968152866	
	591	737	0.98236092265943	294.05	0.9363057324840764	0.9299363057324841	0.2356687898089172	0.9823609226594301	590	0.910828025477707	0.9044585987261147	0.25477707006369427	0.910828025477707	0.9044585987261147	0.25477707006369427	
I - 47 	591	690	0.9707246376811597	294.05	0.9426751592356688	0.9299363057324841	0.2356687898089172	
	591	690	0.9710144927536234	290.35	0.9426751592356688	0.9299363057324841	0.267515923566879	0.9710144927536232	590	0.89171974522293	0.8980891719745223	0.25477707006369427	0.89171974522293	0.8980891719745223	0.25477707006369427	
I - 90 	591	600	0.981583333333333	290.35	0.9426751592356688	0.9299363057324841	0.2484076433121019	
	591	600	0.9849999999999998	291.15	0.9363057324840764	0.9171974522292994	0.2229299363057325	0.985	590	0.8726114649681529	0.9044585987261147	0.2356687898089172	0.8726114649681529	0.9044585987261147	0.2356687898089172	
I - 50 	591	550	0.9687272727272725	291.15	0.9363057324840764	0.910828025477707	0.3630573248407643	
	591	550	0.9727272727272729	292.7	0.9363057324840764	0.9171974522292994	0.36942675159235666	0.9727272727272728	590	0.8980891719745223	0.9044585987261147	0.4012738853503185	0.8980891719745223	0.9044585987261147	0.4012738853503185	
I - 106 	591	444	0.9806306306306306	292.7	0.9235668789808917	0.9235668789808917	0.45222929936305734	
	591	444	0.988738738738739	293.05	0.9044585987261147	0.9235668789808917	0.43312101910828027	0.9887387387387387	590	0.8598726114649682	0.9044585987261147	0.4713375796178344	0.8598726114649682	0.9044585987261147	0.4713375796178344	
I - 103 	591	341	0.9552785923753662	293.05	0.9363057324840764	0.910828025477707	0.5732484076433121	
	591	341	0.9618768328445743	289.85	0.9363057324840764	0.910828025477707	0.5477707006369427	0.9618768328445748	590	0.8853503184713376	0.8726114649681529	0.5414012738853503	0.8853503184713376	0.8726114649681529	0.5414012738853503	
I - 105 	591	281	0.9430604982206404	289.85	0.9363057324840764	0.8853503184713376	0.6560509554140127	
	591	281	0.9430604982206404	285.5	0.9299363057324841	0.9044585987261147	0.6687898089171974	0.9430604982206405	590	0.8662420382165605	0.8535031847133758	0.6687898089171974	0.8662420382165605	0.8535031847133758	0.6687898089171974	
I - 91 	591	281	0.9430604982206404	285.5	0.9299363057324841	0.9044585987261147	0.6624203821656051	
	591	281	0.9430604982206404	282.9	0.9363057324840764	0.8980891719745223	0.6560509554140127	0.9430604982206405	590	0.8662420382165605	0.8535031847133758	0.6687898089171974	0.8662420382165605	0.8535031847133758	0.6687898089171974	
I - 148 	591	281	0.9430604982206404	282.9	0.9363057324840764	0.9044585987261147	0.6560509554140127	
	591	281	0.9430604982206404	281.6	0.9363057324840764	0.9171974522292994	0.6815286624203821	0.9430604982206405	590	0.8662420382165605	0.8535031847133758	0.6687898089171974	0.8662420382165605	0.8535031847133758	0.6687898089171974	
