Data Set	secom	
CFS	Feature	Instance	CFS Merit	CFS Size	C4.5	NN	NB	Merit	Size	C4.5	NN	NB	C4.5	NN	NB	
	119	1410	0.001388130014106823	36.35	0.9363057324840764	0.9363057324840764	0.8280254777070064	4.268534248412276E-4	118	0.910828025477707	0.9363057324840764	0.28662420382165604	0.910828025477707	0.9363057324840764	0.28662420382165604	
F + 16 	135	1410	0.001388130014106823	36.35	0.9363057324840764	0.9363057324840764	0.802547770700637	
	135	1410	0.002427380117269535	33.85	0.9363057324840764	0.9363057324840764	0.8789808917197452	6.878516277734502E-4	119	0.9235668789808917	0.8726114649681529	0.2229299363057325	0.8980891719745223	0.9235668789808917	0.24203821656050956	
F + 20 	155	1410	0.002427380117269535	33.85	0.9363057324840764	0.9363057324840764	0.8853503184713376	
	155	1410	0.003939911997104395	34.0	0.9363057324840764	0.9363057324840764	0.8280254777070064	0.0011121567939290078	119	0.9235668789808917	0.89171974522293	0.24203821656050956	0.910828025477707	0.9235668789808917	0.25477707006369427	
F + 23 	178	1410	0.003939911997104395	34.0	0.9363057324840764	0.9363057324840764	0.8471337579617835	
	178	1410	0.005333204027200724	31.85	0.9299363057324841	0.9363057324840764	0.8980891719745223	0.0014041109637099858	119	0.9299363057324841	0.89171974522293	0.3057324840764331	0.89171974522293	0.9235668789808917	0.2611464968152866	
F + 20 	198	1410	0.005333204027200724	31.85	0.9363057324840764	0.9363057324840764	0.8980891719745223	
	198	1410	0.00595194652349515	28.8	0.9363057324840764	0.9363057324840764	0.9044585987261147	0.0014041109637099858	119	0.9171974522292994	0.9171974522292994	0.7515923566878981	0.9044585987261147	0.910828025477707	0.3503184713375796	
F + 23 	221	1410	0.00595194652349515	28.8	0.9363057324840764	0.9363057324840764	0.9044585987261147	
	221	1410	0.006273775200911193	27.35	0.9363057324840764	0.9363057324840764	0.8980891719745223	0.0014041109637099858	119	0.9171974522292994	0.7643312101910829	0.7388535031847133	0.89171974522293	0.8980891719745223	0.43312101910828027	
F + 19 	240	1410	0.006273775200911193	27.35	0.9363057324840764	0.9363057324840764	0.8980891719745223	
	240	1410	0.006951489290633691	27.9	0.9299363057324841	0.9363057324840764	0.8980891719745223	0.001614028111247062	119	0.9171974522292994	0.821656050955414	0.7579617834394905	0.9235668789808917	0.910828025477707	0.445859872611465	
F + 20 	260	1410	0.006951489290633691	27.9	0.9299363057324841	0.9363057324840764	0.8980891719745223	
	260	1410	0.0072509858751107605	26.95	0.9363057324840764	0.9363057324840764	0.8980891719745223	0.001614028111247062	119	0.9363057324840764	0.89171974522293	0.7770700636942676	0.9235668789808917	0.8980891719745223	0.45222929936305734	
F + 23 	283	1410	0.0072509858751107605	26.95	0.9363057324840764	0.9363057324840764	0.8980891719745223	
	283	1410	0.008774058214125196	30.5	0.9426751592356688	0.9363057324840764	0.910828025477707	0.002233218028464742	119	0.9426751592356688	0.9171974522292994	0.8980891719745223	0.9299363057324841	0.9171974522292994	0.4840764331210191	
F + 17 	300	1410	0.008774058214125196	30.5	0.9426751592356688	0.9363057324840764	0.910828025477707	
	300	1410	0.010104795827569794	31.8	0.9363057324840764	0.9426751592356688	0.910828025477707	0.002618215540870261	119	0.9426751592356688	0.9171974522292994	0.8980891719745223	0.9299363057324841	0.9044585987261147	0.5159235668789809	
F + 27 	327	1410	0.010104795827569794	31.8	0.9363057324840764	0.9426751592356688	0.910828025477707	
	327	1410	0.010811804768425725	30.55	0.9426751592356688	0.9426751592356688	0.910828025477707	0.002618215540870261	119	0.9426751592356688	0.8980891719745223	0.8535031847133758	0.9299363057324841	0.89171974522293	0.5159235668789809	
F + 14 	341	1410	0.010811804768425725	30.55	0.9426751592356688	0.9426751592356688	0.9171974522292994	
	341	1410	0.011490879688755163	29.2	0.9426751592356688	0.9299363057324841	0.9235668789808917	0.0027527474365209134	119	0.9426751592356688	0.8789808917197452	0.8407643312101911	0.9235668789808917	0.9044585987261147	0.5095541401273885	
F + 15 	356	1410	0.011490879688755163	29.2	0.9426751592356688	0.9299363057324841	0.910828025477707	
	356	1410	0.012772793357989679	29.9	0.9363057324840764	0.9426751592356688	0.9171974522292994	0.003126515030307718	119	0.9235668789808917	0.8980891719745223	0.8407643312101911	0.9235668789808917	0.9044585987261147	0.3503184713375796	
F + 16 	372	1410	0.012772793357989679	29.9	0.9363057324840764	0.9426751592356688	0.910828025477707	
	372	1410	0.013179446273660475	29.6	0.9426751592356688	0.9363057324840764	0.9235668789808917	0.003126515030307718	119	0.9235668789808917	0.9044585987261147	0.643312101910828	0.9235668789808917	0.9235668789808917	0.28662420382165604	
F + 23 	395	1410	0.013179446273660475	29.6	0.9426751592356688	0.9363057324840764	0.9235668789808917	
	395	1410	0.013758077371707329	29.15	0.9426751592356688	0.9363057324840764	0.9171974522292994	0.0033185081641082083	119	0.9235668789808917	0.8853503184713376	0.5286624203821656	0.9299363057324841	0.9235668789808917	0.267515923566879	
F + 20 	415	1410	0.013758077371707329	29.15	0.9426751592356688	0.9363057324840764	0.9235668789808917	
	415	1410	0.014585082908388636	30.6	0.9426751592356688	0.9363057324840764	0.910828025477707	0.0037162878361288497	119	0.9299363057324841	0.89171974522293	0.4267515923566879	0.910828025477707	0.9299363057324841	0.2802547770700637	
F + 29 	444	1410	0.014585082908388636	30.6	0.9426751592356688	0.9363057324840764	0.910828025477707	
	444	1410	0.015351241298384322	30.6	0.9363057324840764	0.9490445859872612	0.9171974522292994	0.0037162878361288497	119	0.910828025477707	0.8407643312101911	0.5987261146496815	0.9044585987261147	0.9235668789808917	0.27388535031847133	
F + 42 	486	1410	0.015351241298384322	30.6	0.9363057324840764	0.9426751592356688	0.9171974522292994	
	486	1410	0.015699607883883703	30.5	0.9363057324840764	0.9299363057324841	0.9044585987261147	0.0037902204893616176	119	0.9299363057324841	0.8535031847133758	0.6114649681528662	0.910828025477707	0.9235668789808917	0.27388535031847133	
F + 50 	536	1410	0.015699607883883703	30.5	0.9363057324840764	0.9363057324840764	0.910828025477707	
	536	1410	0.01607065992832691	30.15	0.9426751592356688	0.9363057324840764	0.89171974522293	0.004086635203683594	119	0.9171974522292994	0.7707006369426752	0.643312101910828	0.8980891719745223	0.9044585987261147	0.267515923566879	
F + 43 	579	1410	0.01607065992832691	30.15	0.9426751592356688	0.9363057324840764	0.89171974522293	
	579	1410	0.016422748088894608	29.7	0.9363057324840764	0.9363057324840764	0.9171974522292994	0.004316886380907373	119	0.9171974522292994	0.8535031847133758	0.7579617834394905	0.9171974522292994	0.8980891719745223	0.2611464968152866	

Data Set	secom	
PCFS	Feature	Instance	PCFS Merit	PCFS Size	C4.5	NN	NB	Merit	Size	C4.5	NN	NB	C4.5	NN	NB	
	119	1410	0.9354609929078016	42.15	0.9363057324840764	0.9235668789808917	0.7770700636942676	0.9354609929078014	118	0.910828025477707	0.9363057324840764	0.28662420382165604	0.910828025477707	0.9363057324840764	0.28662420382165604	
F + 16 	135	1410	0.9354609929078016	42.15	0.9363057324840764	0.9235668789808917	0.7770700636942676	
	135	1410	0.9404255319148935	42.1	0.9299363057324841	0.9363057324840764	0.8662420382165605	0.9404255319148936	119	0.9235668789808917	0.9299363057324841	0.2611464968152866	0.8980891719745223	0.9235668789808917	0.24203821656050956	
F + 20 	155	1410	0.9404255319148935	42.1	0.9299363057324841	0.9363057324840764	0.8726114649681529	
	155	1410	0.9475177304964539	45.3	0.9299363057324841	0.9299363057324841	0.89171974522293	0.9475177304964539	119	0.9235668789808917	0.9363057324840764	0.2356687898089172	0.910828025477707	0.9235668789808917	0.25477707006369427	
F + 23 	178	1410	0.9475177304964539	45.3	0.9299363057324841	0.9299363057324841	0.89171974522293	
	178	1410	0.9475177304964539	41.3	0.9363057324840764	0.9363057324840764	0.8407643312101911	0.9475177304964539	119	0.910828025477707	0.9299363057324841	0.6369426751592356	0.89171974522293	0.9235668789808917	0.2611464968152866	
F + 20 	198	1410	0.9475177304964539	41.3	0.9363057324840764	0.9363057324840764	0.8535031847133758	
	198	1410	0.9475177304964539	38.65	0.9363057324840764	0.9299363057324841	0.8726114649681529	0.9475177304964539	119	0.9171974522292994	0.9299363057324841	0.7388535031847133	0.9044585987261147	0.910828025477707	0.3503184713375796	
F + 23 	221	1410	0.9475177304964539	38.65	0.9363057324840764	0.9299363057324841	0.8726114649681529	
	221	1410	0.9475177304964539	36.4	0.9363057324840764	0.9299363057324841	0.8980891719745223	0.9475177304964539	119	0.9171974522292994	0.9171974522292994	0.7452229299363057	0.89171974522293	0.8980891719745223	0.43312101910828027	
F + 19 	240	1410	0.9475177304964539	36.4	0.9363057324840764	0.9299363057324841	0.8980891719745223	
	240	1410	0.951063829787234	45.15	0.9363057324840764	0.9235668789808917	0.8726114649681529	0.951063829787234	119	0.910828025477707	0.9171974522292994	0.6369426751592356	0.9235668789808917	0.910828025477707	0.445859872611465	
F + 20 	260	1410	0.951063829787234	45.15	0.9363057324840764	0.9235668789808917	0.8726114649681529	
	260	1410	0.951063829787234	40.7	0.9363057324840764	0.9299363057324841	0.89171974522293	0.951063829787234	119	0.9363057324840764	0.9171974522292994	0.7834394904458599	0.9235668789808917	0.8980891719745223	0.45222929936305734	
F + 23 	283	1410	0.951063829787234	40.7	0.9363057324840764	0.9299363057324841	0.89171974522293	
	283	1410	0.9609929078014187	51.0	0.9363057324840764	0.9299363057324841	0.8980891719745223	0.9609929078014184	119	0.9426751592356688	0.9235668789808917	0.8980891719745223	0.9299363057324841	0.9171974522292994	0.4840764331210191	
F + 17 	300	1410	0.9609929078014187	51.0	0.9363057324840764	0.9299363057324841	0.89171974522293	
	300	1410	0.9609929078014187	45.25	0.9490445859872612	0.9299363057324841	0.8726114649681529	0.9609929078014184	119	0.9426751592356688	0.9235668789808917	0.8789808917197452	0.9299363057324841	0.9044585987261147	0.5159235668789809	
F + 27 	327	1410	0.9609929078014187	45.25	0.9363057324840764	0.9299363057324841	0.8726114649681529	
	327	1410	0.9638297872340426	51.65	0.9426751592356688	0.9363057324840764	0.8343949044585988	0.9638297872340426	119	0.9426751592356688	0.9044585987261147	0.8407643312101911	0.9299363057324841	0.89171974522293	0.5159235668789809	
F + 14 	341	1410	0.9638297872340426	51.65	0.9426751592356688	0.9363057324840764	0.8343949044585988	
	341	1410	0.96595744680851	52.6	0.9363057324840764	0.9299363057324841	0.8980891719745223	0.9659574468085106	119	0.9426751592356688	0.9171974522292994	0.821656050955414	0.9235668789808917	0.9044585987261147	0.5095541401273885	
F + 15 	356	1410	0.96595744680851	52.6	0.9426751592356688	0.9299363057324841	0.9044585987261147	
	356	1410	0.968085106382979	53.7	0.9363057324840764	0.9363057324840764	0.8726114649681529	0.9680851063829787	119	0.9235668789808917	0.9171974522292994	0.8343949044585988	0.9235668789808917	0.9044585987261147	0.3503184713375796	
F + 16 	372	1410	0.968085106382979	53.7	0.9363057324840764	0.9363057324840764	0.8726114649681529	
	372	1410	0.968085106382979	48.5	0.9363057324840764	0.9299363057324841	0.89171974522293	0.9680851063829787	119	0.9235668789808917	0.9171974522292994	0.6305732484076433	0.9235668789808917	0.9235668789808917	0.28662420382165604	
F + 23 	395	1410	0.968085106382979	48.5	0.9363057324840764	0.9299363057324841	0.8980891719745223	
	395	1410	0.9702127659574465	52.25	0.9299363057324841	0.9363057324840764	0.8980891719745223	0.9702127659574468	119	0.9235668789808917	0.910828025477707	0.4585987261146497	0.9299363057324841	0.9235668789808917	0.267515923566879	
F + 20 	415	1410	0.9702127659574465	52.25	0.9299363057324841	0.9299363057324841	0.89171974522293	
	415	1410	0.9737588652482273	57.05	0.9363057324840764	0.9363057324840764	0.8471337579617835	0.973758865248227	119	0.9299363057324841	0.9171974522292994	0.3821656050955414	0.910828025477707	0.9299363057324841	0.2802547770700637	
F + 29 	444	1410	0.9737588652482273	57.05	0.9363057324840764	0.9363057324840764	0.8535031847133758	
	444	1410	0.9737588652482273	51.6	0.9363057324840764	0.9363057324840764	0.8853503184713376	0.973758865248227	119	0.910828025477707	0.9171974522292994	0.6369426751592356	0.9044585987261147	0.9235668789808917	0.27388535031847133	
F + 42 	486	1410	0.9737588652482273	51.6	0.9363057324840764	0.9363057324840764	0.8853503184713376	
	486	1410	0.9737588652482273	49.15	0.9363057324840764	0.9363057324840764	0.8598726114649682	0.973758865248227	119	0.9299363057324841	0.9044585987261147	0.5923566878980892	0.910828025477707	0.9235668789808917	0.27388535031847133	
F + 50 	536	1410	0.9737588652482273	49.15	0.9363057324840764	0.9363057324840764	0.8535031847133758	
	536	1410	0.9751773049645391	53.65	0.9363057324840764	0.9363057324840764	0.8726114649681529	0.975177304964539	119	0.8980891719745223	0.9363057324840764	0.6050955414012739	0.8980891719745223	0.9044585987261147	0.267515923566879	
F + 43 	579	1410	0.9751773049645391	53.65	0.9363057324840764	0.9363057324840764	0.8662420382165605	
	579	1410	0.979432624113475	63.9	0.9363057324840764	0.9299363057324841	0.8662420382165605	0.9794326241134752	119	0.9044585987261147	0.8980891719745223	0.7388535031847133	0.9171974522292994	0.8980891719745223	0.2611464968152866	
