Number0:  0.0 2.9663036465644836 -1.0 -2.8676597625017166 
Number1:  0.0 2.9663036465644836 -1.0982978822369325 -2.769361880264784 
Number2:  0.0 2.9663036465644836 -1.196595764473865 -2.6710639980278517 
Number3:  0.0 2.9663036465644836 -1.2948936467107974 -2.572766115790919 
Number4:  0.0 2.9663036465644836 -1.39319152894773 -2.4744682335539867 
Number5:  0.0 2.9663036465644836 -1.4914894111846624 -2.3761703513170542 
Number6:  0.0 2.9663036465644836 -1.5897872934215949 -2.2778724690801218 
Number7:  0.0 2.9663036465644836 -1.6880851756585273 -2.1795745868431893 
Number8:  0.0 2.9663036465644836 -1.7863830578954598 -2.081276704606257 
Number9:  0.0 2.9663036465644836 -1.8846809401323923 -1.9829788223693243 
Number10:  0.0 2.9663036465644836 -1.9829788223693248 -1.8846809401323918 
Number11:  0.0 2.9663036465644836 -2.0812767046062572 -1.7863830578954594 
Number12:  0.0 2.9663036465644836 -2.1795745868431897 -1.688085175658527 
Number13:  0.0 2.9663036465644836 -2.277872469080122 -1.5897872934215944 
Number14:  0.0 2.9663036465644836 -2.3761703513170547 -1.491489411184662 
Number15:  0.0 2.9663036465644836 -2.474468233553987 -1.3931915289477295 
Number16:  0.0 2.9663036465644836 -2.5727661157909196 -1.294893646710797 
Number17:  0.0 2.9663036465644836 -2.671063998027852 -1.1965957644738645 
Number18:  0.0 2.9663036465644836 -2.7693618802647846 -1.098297882236932 
Number19:  0.0 2.9663036465644836 -2.867659762501717 -0.9999999999999996 
Number20:  0.15612124455602547 2.8101824020084583 -1.0 -2.8676597625017166 
Number21:  0.15612124455602547 2.8101824020084583 -1.0982978822369325 -2.769361880264784 
Number22:  0.15612124455602547 2.8101824020084583 -1.196595764473865 -2.6710639980278517 
Number23:  0.15612124455602547 2.8101824020084583 -1.2948936467107974 -2.572766115790919 
Number24:  0.15612124455602547 2.8101824020084583 -1.39319152894773 -2.4744682335539867 
Number25:  0.15612124455602547 2.8101824020084583 -1.4914894111846624 -2.3761703513170542 
Number26:  0.15612124455602547 2.8101824020084583 -1.5897872934215949 -2.2778724690801218 
Number27:  0.15612124455602547 2.8101824020084583 -1.6880851756585273 -2.1795745868431893 
Number28:  0.15612124455602547 2.8101824020084583 -1.7863830578954598 -2.081276704606257 
Number29:  0.15612124455602547 2.8101824020084583 -1.8846809401323923 -1.9829788223693243 
Number30:  0.15612124455602547 2.8101824020084583 -1.9829788223693248 -1.8846809401323918 
Number31:  0.15612124455602547 2.8101824020084583 -2.0812767046062572 -1.7863830578954594 
Number32:  0.15612124455602547 2.8101824020084583 -2.1795745868431897 -1.688085175658527 
Number33:  0.15612124455602547 2.8101824020084583 -2.277872469080122 -1.5897872934215944 
Number34:  0.15612124455602547 2.8101824020084583 -2.3761703513170547 -1.491489411184662 
Number35:  0.15612124455602547 2.8101824020084583 -2.474468233553987 -1.3931915289477295 
Number36:  0.15612124455602547 2.8101824020084583 -2.5727661157909196 -1.294893646710797 
Number37:  0.15612124455602547 2.8101824020084583 -2.671063998027852 -1.1965957644738645 
Number38:  0.15612124455602547 2.8101824020084583 -2.7693618802647846 -1.098297882236932 
Number39:  0.15612124455602547 2.8101824020084583 -2.867659762501717 -0.9999999999999996 
Number40:  0.31224248911205094 2.654061157452433 -1.0 -2.8676597625017166 
Number41:  0.31224248911205094 2.654061157452433 -1.0982978822369325 -2.769361880264784 
Number42:  0.31224248911205094 2.654061157452433 -1.196595764473865 -2.6710639980278517 
Number43:  0.31224248911205094 2.654061157452433 -1.2948936467107974 -2.572766115790919 
Number44:  0.31224248911205094 2.654061157452433 -1.39319152894773 -2.4744682335539867 
Number45:  0.31224248911205094 2.654061157452433 -1.4914894111846624 -2.3761703513170542 
Number46:  0.31224248911205094 2.654061157452433 -1.5897872934215949 -2.2778724690801218 
Number47:  0.31224248911205094 2.654061157452433 -1.6880851756585273 -2.1795745868431893 
Number48:  0.31224248911205094 2.654061157452433 -1.7863830578954598 -2.081276704606257 
Number49:  0.31224248911205094 2.654061157452433 -1.8846809401323923 -1.9829788223693243 
Number50:  0.31224248911205094 2.654061157452433 -1.9829788223693248 -1.8846809401323918 
Number51:  0.31224248911205094 2.654061157452433 -2.0812767046062572 -1.7863830578954594 
Number52:  0.31224248911205094 2.654061157452433 -2.1795745868431897 -1.688085175658527 
Number53:  0.31224248911205094 2.654061157452433 -2.277872469080122 -1.5897872934215944 
Number54:  0.31224248911205094 2.654061157452433 -2.3761703513170547 -1.491489411184662 
Number55:  0.31224248911205094 2.654061157452433 -2.474468233553987 -1.3931915289477295 
Number56:  0.31224248911205094 2.654061157452433 -2.5727661157909196 -1.294893646710797 
Number57:  0.31224248911205094 2.654061157452433 -2.671063998027852 -1.1965957644738645 
Number58:  0.31224248911205094 2.654061157452433 -2.7693618802647846 -1.098297882236932 
Number59:  0.31224248911205094 2.654061157452433 -2.867659762501717 -0.9999999999999996 
Number60:  0.4683637336680764 2.4979399128964075 -1.0 -2.8676597625017166 
Number61:  0.4683637336680764 2.4979399128964075 -1.0982978822369325 -2.769361880264784 
Number62:  0.4683637336680764 2.4979399128964075 -1.196595764473865 -2.6710639980278517 
Number63:  0.4683637336680764 2.4979399128964075 -1.2948936467107974 -2.572766115790919 
Number64:  0.4683637336680764 2.4979399128964075 -1.39319152894773 -2.4744682335539867 
Number65:  0.4683637336680764 2.4979399128964075 -1.4914894111846624 -2.3761703513170542 
Number66:  0.4683637336680764 2.4979399128964075 -1.5897872934215949 -2.2778724690801218 
Number67:  0.4683637336680764 2.4979399128964075 -1.6880851756585273 -2.1795745868431893 
Number68:  0.4683637336680764 2.4979399128964075 -1.7863830578954598 -2.081276704606257 
Number69:  0.4683637336680764 2.4979399128964075 -1.8846809401323923 -1.9829788223693243 
Number70:  0.4683637336680764 2.4979399128964075 -1.9829788223693248 -1.8846809401323918 
Number71:  0.4683637336680764 2.4979399128964075 -2.0812767046062572 -1.7863830578954594 
Number72:  0.4683637336680764 2.4979399128964075 -2.1795745868431897 -1.688085175658527 
Number73:  0.4683637336680764 2.4979399128964075 -2.277872469080122 -1.5897872934215944 
Number74:  0.4683637336680764 2.4979399128964075 -2.3761703513170547 -1.491489411184662 
Number75:  0.4683637336680764 2.4979399128964075 -2.474468233553987 -1.3931915289477295 
Number76:  0.4683637336680764 2.4979399128964075 -2.5727661157909196 -1.294893646710797 
Number77:  0.4683637336680764 2.4979399128964075 -2.671063998027852 -1.1965957644738645 
Number78:  0.4683637336680764 2.4979399128964075 -2.7693618802647846 -1.098297882236932 
Number79:  0.4683637336680764 2.4979399128964075 -2.867659762501717 -0.9999999999999996 
Number80:  0.6244849782241019 2.341818668340382 -1.0 -2.8676597625017166 
Number81:  0.6244849782241019 2.341818668340382 -1.0982978822369325 -2.769361880264784 
Number82:  0.6244849782241019 2.341818668340382 -1.196595764473865 -2.6710639980278517 
Number83:  0.6244849782241019 2.341818668340382 -1.2948936467107974 -2.572766115790919 
Number84:  0.6244849782241019 2.341818668340382 -1.39319152894773 -2.4744682335539867 
Number85:  0.6244849782241019 2.341818668340382 -1.4914894111846624 -2.3761703513170542 
Number86:  0.6244849782241019 2.341818668340382 -1.5897872934215949 -2.2778724690801218 
Number87:  0.6244849782241019 2.341818668340382 -1.6880851756585273 -2.1795745868431893 
Number88:  0.6244849782241019 2.341818668340382 -1.7863830578954598 -2.081276704606257 
Number89:  0.6244849782241019 2.341818668340382 -1.8846809401323923 -1.9829788223693243 
Number90:  0.6244849782241019 2.341818668340382 -1.9829788223693248 -1.8846809401323918 
Number91:  0.6244849782241019 2.341818668340382 -2.0812767046062572 -1.7863830578954594 
Number92:  0.6244849782241019 2.341818668340382 -2.1795745868431897 -1.688085175658527 
Number93:  0.6244849782241019 2.341818668340382 -2.277872469080122 -1.5897872934215944 
Number94:  0.6244849782241019 2.341818668340382 -2.3761703513170547 -1.491489411184662 
Number95:  0.6244849782241019 2.341818668340382 -2.474468233553987 -1.3931915289477295 
Number96:  0.6244849782241019 2.341818668340382 -2.5727661157909196 -1.294893646710797 
Number97:  0.6244849782241019 2.341818668340382 -2.671063998027852 -1.1965957644738645 
Number98:  0.6244849782241019 2.341818668340382 -2.7693618802647846 -1.098297882236932 
Number99:  0.6244849782241019 2.341818668340382 -2.867659762501717 -0.9999999999999996 
Number100:  0.7806062227801274 2.1856974237843567 -1.0 -2.8676597625017166 
Number101:  0.7806062227801274 2.1856974237843567 -1.0982978822369325 -2.769361880264784 
Number102:  0.7806062227801274 2.1856974237843567 -1.196595764473865 -2.6710639980278517 
Number103:  0.7806062227801274 2.1856974237843567 -1.2948936467107974 -2.572766115790919 
Number104:  0.7806062227801274 2.1856974237843567 -1.39319152894773 -2.4744682335539867 
Number105:  0.7806062227801274 2.1856974237843567 -1.4914894111846624 -2.3761703513170542 
Number106:  0.7806062227801274 2.1856974237843567 -1.5897872934215949 -2.2778724690801218 
Number107:  0.7806062227801274 2.1856974237843567 -1.6880851756585273 -2.1795745868431893 
Number108:  0.7806062227801274 2.1856974237843567 -1.7863830578954598 -2.081276704606257 
Number109:  0.7806062227801274 2.1856974237843567 -1.8846809401323923 -1.9829788223693243 
Number110:  0.7806062227801274 2.1856974237843567 -1.9829788223693248 -1.8846809401323918 
Number111:  0.7806062227801274 2.1856974237843567 -2.0812767046062572 -1.7863830578954594 
Number112:  0.7806062227801274 2.1856974237843567 -2.1795745868431897 -1.688085175658527 
Number113:  0.7806062227801274 2.1856974237843567 -2.277872469080122 -1.5897872934215944 
Number114:  0.7806062227801274 2.1856974237843567 -2.3761703513170547 -1.491489411184662 
Number115:  0.7806062227801274 2.1856974237843567 -2.474468233553987 -1.3931915289477295 
Number116:  0.7806062227801274 2.1856974237843567 -2.5727661157909196 -1.294893646710797 
Number117:  0.7806062227801274 2.1856974237843567 -2.671063998027852 -1.1965957644738645 
Number118:  0.7806062227801274 2.1856974237843567 -2.7693618802647846 -1.098297882236932 
Number119:  0.7806062227801274 2.1856974237843567 -2.867659762501717 -0.9999999999999996 
Number120:  0.9367274673361529 2.0295761792283313 -1.0 -2.8676597625017166 
Number121:  0.9367274673361529 2.0295761792283313 -1.0982978822369325 -2.769361880264784 
Number122:  0.9367274673361529 2.0295761792283313 -1.196595764473865 -2.6710639980278517 
Number123:  0.9367274673361529 2.0295761792283313 -1.2948936467107974 -2.572766115790919 
Number124:  0.9367274673361529 2.0295761792283313 -1.39319152894773 -2.4744682335539867 
Number125:  0.9367274673361529 2.0295761792283313 -1.4914894111846624 -2.3761703513170542 
Number126:  0.9367274673361529 2.0295761792283313 -1.5897872934215949 -2.2778724690801218 
Number127:  0.9367274673361529 2.0295761792283313 -1.6880851756585273 -2.1795745868431893 
Number128:  0.9367274673361529 2.0295761792283313 -1.7863830578954598 -2.081276704606257 
Number129:  0.9367274673361529 2.0295761792283313 -1.8846809401323923 -1.9829788223693243 
Number130:  0.9367274673361529 2.0295761792283313 -1.9829788223693248 -1.8846809401323918 
Number131:  0.9367274673361529 2.0295761792283313 -2.0812767046062572 -1.7863830578954594 
Number132:  0.9367274673361529 2.0295761792283313 -2.1795745868431897 -1.688085175658527 
Number133:  0.9367274673361529 2.0295761792283313 -2.277872469080122 -1.5897872934215944 
Number134:  0.9367274673361529 2.0295761792283313 -2.3761703513170547 -1.491489411184662 
Number135:  0.9367274673361529 2.0295761792283313 -2.474468233553987 -1.3931915289477295 
Number136:  0.9367274673361529 2.0295761792283313 -2.5727661157909196 -1.294893646710797 
Number137:  0.9367274673361529 2.0295761792283313 -2.671063998027852 -1.1965957644738645 
Number138:  0.9367274673361529 2.0295761792283313 -2.7693618802647846 -1.098297882236932 
Number139:  0.9367274673361529 2.0295761792283313 -2.867659762501717 -0.9999999999999996 
Number140:  1.0928487118921784 1.873454934672306 -1.0 -2.8676597625017166 
Number141:  1.0928487118921784 1.873454934672306 -1.0982978822369325 -2.769361880264784 
Number142:  1.0928487118921784 1.873454934672306 -1.196595764473865 -2.6710639980278517 
Number143:  1.0928487118921784 1.873454934672306 -1.2948936467107974 -2.572766115790919 
Number144:  1.0928487118921784 1.873454934672306 -1.39319152894773 -2.4744682335539867 
Number145:  1.0928487118921784 1.873454934672306 -1.4914894111846624 -2.3761703513170542 
Number146:  1.0928487118921784 1.873454934672306 -1.5897872934215949 -2.2778724690801218 
Number147:  1.0928487118921784 1.873454934672306 -1.6880851756585273 -2.1795745868431893 
Number148:  1.0928487118921784 1.873454934672306 -1.7863830578954598 -2.081276704606257 
Number149:  1.0928487118921784 1.873454934672306 -1.8846809401323923 -1.9829788223693243 
Number150:  1.0928487118921784 1.873454934672306 -1.9829788223693248 -1.8846809401323918 
Number151:  1.0928487118921784 1.873454934672306 -2.0812767046062572 -1.7863830578954594 
Number152:  1.0928487118921784 1.873454934672306 -2.1795745868431897 -1.688085175658527 
Number153:  1.0928487118921784 1.873454934672306 -2.277872469080122 -1.5897872934215944 
Number154:  1.0928487118921784 1.873454934672306 -2.3761703513170547 -1.491489411184662 
Number155:  1.0928487118921784 1.873454934672306 -2.474468233553987 -1.3931915289477295 
Number156:  1.0928487118921784 1.873454934672306 -2.5727661157909196 -1.294893646710797 
Number157:  1.0928487118921784 1.873454934672306 -2.671063998027852 -1.1965957644738645 
Number158:  1.0928487118921784 1.873454934672306 -2.7693618802647846 -1.098297882236932 
Number159:  1.0928487118921784 1.873454934672306 -2.867659762501717 -0.9999999999999996 
Number160:  1.2489699564482037 1.7173336901162806 -1.0 -2.8676597625017166 
Number161:  1.2489699564482037 1.7173336901162806 -1.0982978822369325 -2.769361880264784 
Number162:  1.2489699564482037 1.7173336901162806 -1.196595764473865 -2.6710639980278517 
Number163:  1.2489699564482037 1.7173336901162806 -1.2948936467107974 -2.572766115790919 
Number164:  1.2489699564482037 1.7173336901162806 -1.39319152894773 -2.4744682335539867 
Number165:  1.2489699564482037 1.7173336901162806 -1.4914894111846624 -2.3761703513170542 
Number166:  1.2489699564482037 1.7173336901162806 -1.5897872934215949 -2.2778724690801218 
Number167:  1.2489699564482037 1.7173336901162806 -1.6880851756585273 -2.1795745868431893 
Number168:  1.2489699564482037 1.7173336901162806 -1.7863830578954598 -2.081276704606257 
Number169:  1.2489699564482037 1.7173336901162806 -1.8846809401323923 -1.9829788223693243 
Number170:  1.2489699564482037 1.7173336901162806 -1.9829788223693248 -1.8846809401323918 
Number171:  1.2489699564482037 1.7173336901162806 -2.0812767046062572 -1.7863830578954594 
Number172:  1.2489699564482037 1.7173336901162806 -2.1795745868431897 -1.688085175658527 
Number173:  1.2489699564482037 1.7173336901162806 -2.277872469080122 -1.5897872934215944 
Number174:  1.2489699564482037 1.7173336901162806 -2.3761703513170547 -1.491489411184662 
Number175:  1.2489699564482037 1.7173336901162806 -2.474468233553987 -1.3931915289477295 
Number176:  1.2489699564482037 1.7173336901162806 -2.5727661157909196 -1.294893646710797 
Number177:  1.2489699564482037 1.7173336901162806 -2.671063998027852 -1.1965957644738645 
Number178:  1.2489699564482037 1.7173336901162806 -2.7693618802647846 -1.098297882236932 
Number179:  1.2489699564482037 1.7173336901162806 -2.867659762501717 -0.9999999999999996 
Number180:  1.4050912010042291 1.5612124455602552 -1.0 -2.8676597625017166 
Number181:  1.4050912010042291 1.5612124455602552 -1.0982978822369325 -2.769361880264784 
Number182:  1.4050912010042291 1.5612124455602552 -1.196595764473865 -2.6710639980278517 
Number183:  1.4050912010042291 1.5612124455602552 -1.2948936467107974 -2.572766115790919 
Number184:  1.4050912010042291 1.5612124455602552 -1.39319152894773 -2.4744682335539867 
Number185:  1.4050912010042291 1.5612124455602552 -1.4914894111846624 -2.3761703513170542 
Number186:  1.4050912010042291 1.5612124455602552 -1.5897872934215949 -2.2778724690801218 
Number187:  1.4050912010042291 1.5612124455602552 -1.6880851756585273 -2.1795745868431893 
Number188:  1.4050912010042291 1.5612124455602552 -1.7863830578954598 -2.081276704606257 
Number189:  1.4050912010042291 1.5612124455602552 -1.8846809401323923 -1.9829788223693243 
Number190:  1.4050912010042291 1.5612124455602552 -1.9829788223693248 -1.8846809401323918 
Number191:  1.4050912010042291 1.5612124455602552 -2.0812767046062572 -1.7863830578954594 
Number192:  1.4050912010042291 1.5612124455602552 -2.1795745868431897 -1.688085175658527 
Number193:  1.4050912010042291 1.5612124455602552 -2.277872469080122 -1.5897872934215944 
Number194:  1.4050912010042291 1.5612124455602552 -2.3761703513170547 -1.491489411184662 
Number195:  1.4050912010042291 1.5612124455602552 -2.474468233553987 -1.3931915289477295 
Number196:  1.4050912010042291 1.5612124455602552 -2.5727661157909196 -1.294893646710797 
Number197:  1.4050912010042291 1.5612124455602552 -2.671063998027852 -1.1965957644738645 
Number198:  1.4050912010042291 1.5612124455602552 -2.7693618802647846 -1.098297882236932 
Number199:  1.4050912010042291 1.5612124455602552 -2.867659762501717 -0.9999999999999996 
Number200:  1.5612124455602545 1.4050912010042298 -1.0 -2.8676597625017166 
Number201:  1.5612124455602545 1.4050912010042298 -1.0982978822369325 -2.769361880264784 
Number202:  1.5612124455602545 1.4050912010042298 -1.196595764473865 -2.6710639980278517 
Number203:  1.5612124455602545 1.4050912010042298 -1.2948936467107974 -2.572766115790919 
Number204:  1.5612124455602545 1.4050912010042298 -1.39319152894773 -2.4744682335539867 
Number205:  1.5612124455602545 1.4050912010042298 -1.4914894111846624 -2.3761703513170542 
Number206:  1.5612124455602545 1.4050912010042298 -1.5897872934215949 -2.2778724690801218 
Number207:  1.5612124455602545 1.4050912010042298 -1.6880851756585273 -2.1795745868431893 
Number208:  1.5612124455602545 1.4050912010042298 -1.7863830578954598 -2.081276704606257 
Number209:  1.5612124455602545 1.4050912010042298 -1.8846809401323923 -1.9829788223693243 
Number210:  1.5612124455602545 1.4050912010042298 -1.9829788223693248 -1.8846809401323918 
Number211:  1.5612124455602545 1.4050912010042298 -2.0812767046062572 -1.7863830578954594 
Number212:  1.5612124455602545 1.4050912010042298 -2.1795745868431897 -1.688085175658527 
Number213:  1.5612124455602545 1.4050912010042298 -2.277872469080122 -1.5897872934215944 
Number214:  1.5612124455602545 1.4050912010042298 -2.3761703513170547 -1.491489411184662 
Number215:  1.5612124455602545 1.4050912010042298 -2.474468233553987 -1.3931915289477295 
Number216:  1.5612124455602545 1.4050912010042298 -2.5727661157909196 -1.294893646710797 
Number217:  1.5612124455602545 1.4050912010042298 -2.671063998027852 -1.1965957644738645 
Number218:  1.5612124455602545 1.4050912010042298 -2.7693618802647846 -1.098297882236932 
Number219:  1.5612124455602545 1.4050912010042298 -2.867659762501717 -0.9999999999999996 
Number220:  1.71733369011628 1.2489699564482044 -1.0 -2.8676597625017166 
Number221:  1.71733369011628 1.2489699564482044 -1.0982978822369325 -2.769361880264784 
Number222:  1.71733369011628 1.2489699564482044 -1.196595764473865 -2.6710639980278517 
Number223:  1.71733369011628 1.2489699564482044 -1.2948936467107974 -2.572766115790919 
Number224:  1.71733369011628 1.2489699564482044 -1.39319152894773 -2.4744682335539867 
Number225:  1.71733369011628 1.2489699564482044 -1.4914894111846624 -2.3761703513170542 
Number226:  1.71733369011628 1.2489699564482044 -1.5897872934215949 -2.2778724690801218 
Number227:  1.71733369011628 1.2489699564482044 -1.6880851756585273 -2.1795745868431893 
Number228:  1.71733369011628 1.2489699564482044 -1.7863830578954598 -2.081276704606257 
Number229:  1.71733369011628 1.2489699564482044 -1.8846809401323923 -1.9829788223693243 
Number230:  1.71733369011628 1.2489699564482044 -1.9829788223693248 -1.8846809401323918 
Number231:  1.71733369011628 1.2489699564482044 -2.0812767046062572 -1.7863830578954594 
Number232:  1.71733369011628 1.2489699564482044 -2.1795745868431897 -1.688085175658527 
Number233:  1.71733369011628 1.2489699564482044 -2.277872469080122 -1.5897872934215944 
Number234:  1.71733369011628 1.2489699564482044 -2.3761703513170547 -1.491489411184662 
Number235:  1.71733369011628 1.2489699564482044 -2.474468233553987 -1.3931915289477295 
Number236:  1.71733369011628 1.2489699564482044 -2.5727661157909196 -1.294893646710797 
Number237:  1.71733369011628 1.2489699564482044 -2.671063998027852 -1.1965957644738645 
Number238:  1.71733369011628 1.2489699564482044 -2.7693618802647846 -1.098297882236932 
Number239:  1.71733369011628 1.2489699564482044 -2.867659762501717 -0.9999999999999996 
Number240:  1.8734549346723053 1.092848711892179 -1.0 -2.8676597625017166 
Number241:  1.8734549346723053 1.092848711892179 -1.0982978822369325 -2.769361880264784 
Number242:  1.8734549346723053 1.092848711892179 -1.196595764473865 -2.6710639980278517 
Number243:  1.8734549346723053 1.092848711892179 -1.2948936467107974 -2.572766115790919 
Number244:  1.8734549346723053 1.092848711892179 -1.39319152894773 -2.4744682335539867 
Number245:  1.8734549346723053 1.092848711892179 -1.4914894111846624 -2.3761703513170542 
Number246:  1.8734549346723053 1.092848711892179 -1.5897872934215949 -2.2778724690801218 
Number247:  1.8734549346723053 1.092848711892179 -1.6880851756585273 -2.1795745868431893 
Number248:  1.8734549346723053 1.092848711892179 -1.7863830578954598 -2.081276704606257 
Number249:  1.8734549346723053 1.092848711892179 -1.8846809401323923 -1.9829788223693243 
Number250:  1.8734549346723053 1.092848711892179 -1.9829788223693248 -1.8846809401323918 
Number251:  1.8734549346723053 1.092848711892179 -2.0812767046062572 -1.7863830578954594 
Number252:  1.8734549346723053 1.092848711892179 -2.1795745868431897 -1.688085175658527 
Number253:  1.8734549346723053 1.092848711892179 -2.277872469080122 -1.5897872934215944 
Number254:  1.8734549346723053 1.092848711892179 -2.3761703513170547 -1.491489411184662 
Number255:  1.8734549346723053 1.092848711892179 -2.474468233553987 -1.3931915289477295 
Number256:  1.8734549346723053 1.092848711892179 -2.5727661157909196 -1.294893646710797 
Number257:  1.8734549346723053 1.092848711892179 -2.671063998027852 -1.1965957644738645 
Number258:  1.8734549346723053 1.092848711892179 -2.7693618802647846 -1.098297882236932 
Number259:  1.8734549346723053 1.092848711892179 -2.867659762501717 -0.9999999999999996 
Number260:  2.029576179228331 0.9367274673361535 -1.0 -2.8676597625017166 
Number261:  2.029576179228331 0.9367274673361535 -1.0982978822369325 -2.769361880264784 
Number262:  2.029576179228331 0.9367274673361535 -1.196595764473865 -2.6710639980278517 
Number263:  2.029576179228331 0.9367274673361535 -1.2948936467107974 -2.572766115790919 
Number264:  2.029576179228331 0.9367274673361535 -1.39319152894773 -2.4744682335539867 
Number265:  2.029576179228331 0.9367274673361535 -1.4914894111846624 -2.3761703513170542 
Number266:  2.029576179228331 0.9367274673361535 -1.5897872934215949 -2.2778724690801218 
Number267:  2.029576179228331 0.9367274673361535 -1.6880851756585273 -2.1795745868431893 
Number268:  2.029576179228331 0.9367274673361535 -1.7863830578954598 -2.081276704606257 
Number269:  2.029576179228331 0.9367274673361535 -1.8846809401323923 -1.9829788223693243 
Number270:  2.029576179228331 0.9367274673361535 -1.9829788223693248 -1.8846809401323918 
Number271:  2.029576179228331 0.9367274673361535 -2.0812767046062572 -1.7863830578954594 
Number272:  2.029576179228331 0.9367274673361535 -2.1795745868431897 -1.688085175658527 
Number273:  2.029576179228331 0.9367274673361535 -2.277872469080122 -1.5897872934215944 
Number274:  2.029576179228331 0.9367274673361535 -2.3761703513170547 -1.491489411184662 
Number275:  2.029576179228331 0.9367274673361535 -2.474468233553987 -1.3931915289477295 
Number276:  2.029576179228331 0.9367274673361535 -2.5727661157909196 -1.294893646710797 
Number277:  2.029576179228331 0.9367274673361535 -2.671063998027852 -1.1965957644738645 
Number278:  2.029576179228331 0.9367274673361535 -2.7693618802647846 -1.098297882236932 
Number279:  2.029576179228331 0.9367274673361535 -2.867659762501717 -0.9999999999999996 
Number280:  2.1856974237843563 0.780606222780128 -1.0 -2.8676597625017166 
Number281:  2.1856974237843563 0.780606222780128 -1.0982978822369325 -2.769361880264784 
Number282:  2.1856974237843563 0.780606222780128 -1.196595764473865 -2.6710639980278517 
Number283:  2.1856974237843563 0.780606222780128 -1.2948936467107974 -2.572766115790919 
Number284:  2.1856974237843563 0.780606222780128 -1.39319152894773 -2.4744682335539867 
Number285:  2.1856974237843563 0.780606222780128 -1.4914894111846624 -2.3761703513170542 
Number286:  2.1856974237843563 0.780606222780128 -1.5897872934215949 -2.2778724690801218 
Number287:  2.1856974237843563 0.780606222780128 -1.6880851756585273 -2.1795745868431893 
Number288:  2.1856974237843563 0.780606222780128 -1.7863830578954598 -2.081276704606257 
Number289:  2.1856974237843563 0.780606222780128 -1.8846809401323923 -1.9829788223693243 
Number290:  2.1856974237843563 0.780606222780128 -1.9829788223693248 -1.8846809401323918 
Number291:  2.1856974237843563 0.780606222780128 -2.0812767046062572 -1.7863830578954594 
Number292:  2.1856974237843563 0.780606222780128 -2.1795745868431897 -1.688085175658527 
Number293:  2.1856974237843563 0.780606222780128 -2.277872469080122 -1.5897872934215944 
Number294:  2.1856974237843563 0.780606222780128 -2.3761703513170547 -1.491489411184662 
Number295:  2.1856974237843563 0.780606222780128 -2.474468233553987 -1.3931915289477295 
Number296:  2.1856974237843563 0.780606222780128 -2.5727661157909196 -1.294893646710797 
Number297:  2.1856974237843563 0.780606222780128 -2.671063998027852 -1.1965957644738645 
Number298:  2.1856974237843563 0.780606222780128 -2.7693618802647846 -1.098297882236932 
Number299:  2.1856974237843563 0.780606222780128 -2.867659762501717 -0.9999999999999996 
Number300:  2.3418186683403817 0.6244849782241025 -1.0 -2.8676597625017166 
Number301:  2.3418186683403817 0.6244849782241025 -1.0982978822369325 -2.769361880264784 
Number302:  2.3418186683403817 0.6244849782241025 -1.196595764473865 -2.6710639980278517 
Number303:  2.3418186683403817 0.6244849782241025 -1.2948936467107974 -2.572766115790919 
Number304:  2.3418186683403817 0.6244849782241025 -1.39319152894773 -2.4744682335539867 
Number305:  2.3418186683403817 0.6244849782241025 -1.4914894111846624 -2.3761703513170542 
Number306:  2.3418186683403817 0.6244849782241025 -1.5897872934215949 -2.2778724690801218 
Number307:  2.3418186683403817 0.6244849782241025 -1.6880851756585273 -2.1795745868431893 
Number308:  2.3418186683403817 0.6244849782241025 -1.7863830578954598 -2.081276704606257 
Number309:  2.3418186683403817 0.6244849782241025 -1.8846809401323923 -1.9829788223693243 
Number310:  2.3418186683403817 0.6244849782241025 -1.9829788223693248 -1.8846809401323918 
Number311:  2.3418186683403817 0.6244849782241025 -2.0812767046062572 -1.7863830578954594 
Number312:  2.3418186683403817 0.6244849782241025 -2.1795745868431897 -1.688085175658527 
Number313:  2.3418186683403817 0.6244849782241025 -2.277872469080122 -1.5897872934215944 
Number314:  2.3418186683403817 0.6244849782241025 -2.3761703513170547 -1.491489411184662 
Number315:  2.3418186683403817 0.6244849782241025 -2.474468233553987 -1.3931915289477295 
Number316:  2.3418186683403817 0.6244849782241025 -2.5727661157909196 -1.294893646710797 
Number317:  2.3418186683403817 0.6244849782241025 -2.671063998027852 -1.1965957644738645 
Number318:  2.3418186683403817 0.6244849782241025 -2.7693618802647846 -1.098297882236932 
Number319:  2.3418186683403817 0.6244849782241025 -2.867659762501717 -0.9999999999999996 
Number320:  2.497939912896407 0.46836373366807704 -1.0 -2.8676597625017166 
Number321:  2.497939912896407 0.46836373366807704 -1.0982978822369325 -2.769361880264784 
Number322:  2.497939912896407 0.46836373366807704 -1.196595764473865 -2.6710639980278517 
Number323:  2.497939912896407 0.46836373366807704 -1.2948936467107974 -2.572766115790919 
Number324:  2.497939912896407 0.46836373366807704 -1.39319152894773 -2.4744682335539867 
Number325:  2.497939912896407 0.46836373366807704 -1.4914894111846624 -2.3761703513170542 
Number326:  2.497939912896407 0.46836373366807704 -1.5897872934215949 -2.2778724690801218 
Number327:  2.497939912896407 0.46836373366807704 -1.6880851756585273 -2.1795745868431893 
Number328:  2.497939912896407 0.46836373366807704 -1.7863830578954598 -2.081276704606257 
Number329:  2.497939912896407 0.46836373366807704 -1.8846809401323923 -1.9829788223693243 
Number330:  2.497939912896407 0.46836373366807704 -1.9829788223693248 -1.8846809401323918 
Number331:  2.497939912896407 0.46836373366807704 -2.0812767046062572 -1.7863830578954594 
Number332:  2.497939912896407 0.46836373366807704 -2.1795745868431897 -1.688085175658527 
Number333:  2.497939912896407 0.46836373366807704 -2.277872469080122 -1.5897872934215944 
Number334:  2.497939912896407 0.46836373366807704 -2.3761703513170547 -1.491489411184662 
Number335:  2.497939912896407 0.46836373366807704 -2.474468233553987 -1.3931915289477295 
Number336:  2.497939912896407 0.46836373366807704 -2.5727661157909196 -1.294893646710797 
Number337:  2.497939912896407 0.46836373366807704 -2.671063998027852 -1.1965957644738645 
Number338:  2.497939912896407 0.46836373366807704 -2.7693618802647846 -1.098297882236932 
Number339:  2.497939912896407 0.46836373366807704 -2.867659762501717 -0.9999999999999996 
Number340:  2.6540611574524324 0.31224248911205155 -1.0 -2.8676597625017166 
Number341:  2.6540611574524324 0.31224248911205155 -1.0982978822369325 -2.769361880264784 
Number342:  2.6540611574524324 0.31224248911205155 -1.196595764473865 -2.6710639980278517 
Number343:  2.6540611574524324 0.31224248911205155 -1.2948936467107974 -2.572766115790919 
Number344:  2.6540611574524324 0.31224248911205155 -1.39319152894773 -2.4744682335539867 
Number345:  2.6540611574524324 0.31224248911205155 -1.4914894111846624 -2.3761703513170542 
Number346:  2.6540611574524324 0.31224248911205155 -1.5897872934215949 -2.2778724690801218 
Number347:  2.6540611574524324 0.31224248911205155 -1.6880851756585273 -2.1795745868431893 
Number348:  2.6540611574524324 0.31224248911205155 -1.7863830578954598 -2.081276704606257 
Number349:  2.6540611574524324 0.31224248911205155 -1.8846809401323923 -1.9829788223693243 
Number350:  2.6540611574524324 0.31224248911205155 -1.9829788223693248 -1.8846809401323918 
Number351:  2.6540611574524324 0.31224248911205155 -2.0812767046062572 -1.7863830578954594 
Number352:  2.6540611574524324 0.31224248911205155 -2.1795745868431897 -1.688085175658527 
Number353:  2.6540611574524324 0.31224248911205155 -2.277872469080122 -1.5897872934215944 
Number354:  2.6540611574524324 0.31224248911205155 -2.3761703513170547 -1.491489411184662 
Number355:  2.6540611574524324 0.31224248911205155 -2.474468233553987 -1.3931915289477295 
Number356:  2.6540611574524324 0.31224248911205155 -2.5727661157909196 -1.294893646710797 
Number357:  2.6540611574524324 0.31224248911205155 -2.671063998027852 -1.1965957644738645 
Number358:  2.6540611574524324 0.31224248911205155 -2.7693618802647846 -1.098297882236932 
Number359:  2.6540611574524324 0.31224248911205155 -2.867659762501717 -0.9999999999999996 
Number360:  2.810182402008458 0.15612124455602608 -1.0 -2.8676597625017166 
Number361:  2.810182402008458 0.15612124455602608 -1.0982978822369325 -2.769361880264784 
Number362:  2.810182402008458 0.15612124455602608 -1.196595764473865 -2.6710639980278517 
Number363:  2.810182402008458 0.15612124455602608 -1.2948936467107974 -2.572766115790919 
Number364:  2.810182402008458 0.15612124455602608 -1.39319152894773 -2.4744682335539867 
Number365:  2.810182402008458 0.15612124455602608 -1.4914894111846624 -2.3761703513170542 
Number366:  2.810182402008458 0.15612124455602608 -1.5897872934215949 -2.2778724690801218 
Number367:  2.810182402008458 0.15612124455602608 -1.6880851756585273 -2.1795745868431893 
Number368:  2.810182402008458 0.15612124455602608 -1.7863830578954598 -2.081276704606257 
Number369:  2.810182402008458 0.15612124455602608 -1.8846809401323923 -1.9829788223693243 
Number370:  2.810182402008458 0.15612124455602608 -1.9829788223693248 -1.8846809401323918 
Number371:  2.810182402008458 0.15612124455602608 -2.0812767046062572 -1.7863830578954594 
Number372:  2.810182402008458 0.15612124455602608 -2.1795745868431897 -1.688085175658527 
Number373:  2.810182402008458 0.15612124455602608 -2.277872469080122 -1.5897872934215944 
Number374:  2.810182402008458 0.15612124455602608 -2.3761703513170547 -1.491489411184662 
Number375:  2.810182402008458 0.15612124455602608 -2.474468233553987 -1.3931915289477295 
Number376:  2.810182402008458 0.15612124455602608 -2.5727661157909196 -1.294893646710797 
Number377:  2.810182402008458 0.15612124455602608 -2.671063998027852 -1.1965957644738645 
Number378:  2.810182402008458 0.15612124455602608 -2.7693618802647846 -1.098297882236932 
Number379:  2.810182402008458 0.15612124455602608 -2.867659762501717 -0.9999999999999996 
Number380:  2.966303646564483 6.106226635438361E-16 -1.0 -2.8676597625017166 
Number381:  2.966303646564483 6.106226635438361E-16 -1.0982978822369325 -2.769361880264784 
Number382:  2.966303646564483 6.106226635438361E-16 -1.196595764473865 -2.6710639980278517 
Number383:  2.966303646564483 6.106226635438361E-16 -1.2948936467107974 -2.572766115790919 
Number384:  2.966303646564483 6.106226635438361E-16 -1.39319152894773 -2.4744682335539867 
Number385:  2.966303646564483 6.106226635438361E-16 -1.4914894111846624 -2.3761703513170542 
Number386:  2.966303646564483 6.106226635438361E-16 -1.5897872934215949 -2.2778724690801218 
Number387:  2.966303646564483 6.106226635438361E-16 -1.6880851756585273 -2.1795745868431893 
Number388:  2.966303646564483 6.106226635438361E-16 -1.7863830578954598 -2.081276704606257 
Number389:  2.966303646564483 6.106226635438361E-16 -1.8846809401323923 -1.9829788223693243 
Number390:  2.966303646564483 6.106226635438361E-16 -1.9829788223693248 -1.8846809401323918 
Number391:  2.966303646564483 6.106226635438361E-16 -2.0812767046062572 -1.7863830578954594 
Number392:  2.966303646564483 6.106226635438361E-16 -2.1795745868431897 -1.688085175658527 
Number393:  2.966303646564483 6.106226635438361E-16 -2.277872469080122 -1.5897872934215944 
Number394:  2.966303646564483 6.106226635438361E-16 -2.3761703513170547 -1.491489411184662 
Number395:  2.966303646564483 6.106226635438361E-16 -2.474468233553987 -1.3931915289477295 
Number396:  2.966303646564483 6.106226635438361E-16 -2.5727661157909196 -1.294893646710797 
Number397:  2.966303646564483 6.106226635438361E-16 -2.671063998027852 -1.1965957644738645 
Number398:  2.966303646564483 6.106226635438361E-16 -2.7693618802647846 -1.098297882236932 
Number399:  2.966303646564483 6.106226635438361E-16 -2.867659762501717 -0.9999999999999996 
